0.000	2.4144
0.005	2.4184
0.010	2.4184
0.015	2.4224
0.020	2.4184
0.025	2.4224
0.030	2.4304
0.035	2.4224
0.040	2.4144
0.045	2.4144
0.050	2.4144
0.055	2.4184
0.060	2.4224
0.065	2.4224
0.070	2.4224
0.075	2.4184
0.080	2.4104
0.085	2.4144
0.090	2.4144
0.095	2.4184
0.100	2.4224
0.105	2.4224
0.110	2.4224
0.115	2.4144
0.120	2.4144
0.125	2.4184
0.130	2.4224
0.135	2.4224
0.140	2.4184
0.145	2.4184
0.150	2.4144
0.155	2.4144
0.160	2.4184
0.165	2.4184
0.170	2.4304
0.175	2.4184
0.180	2.4144
0.185	2.4224
0.190	2.4184
0.195	2.4184
0.200	2.4224
0.205	2.4224
0.210	2.4184
0.215	2.4184
0.220	2.4184
0.225	2.4144
0.230	2.4184
0.235	2.4304
0.240	2.4224
0.245	2.4184
0.250	2.4144
0.255	2.4184
0.260	2.4224
0.265	2.4184
0.270	2.4224
0.275	2.4144
0.280	2.4224
0.285	2.4224
0.290	2.4304
0.295	2.4224
0.300	2.4184
0.305	2.4224
0.310	2.4224
0.315	2.4184
0.320	2.4144
0.325	2.4184
0.330	2.4184
0.335	2.4184
0.340	2.4224
0.345	2.4144
0.350	2.4144
0.355	2.4104
0.360	2.4144
0.365	2.4144
0.370	2.4144
0.375	2.4144
0.380	2.4144
0.385	2.4104
0.390	2.4144
0.395	2.4144
0.400	2.4144
0.405	2.4184
0.410	2.4144
0.415	2.4144
0.420	2.4144
0.425	2.4184
0.430	2.4224
0.435	2.4184
0.440	2.4184
0.445	2.4224
0.450	2.4224
0.455	2.4184
0.460	2.4184
0.465	2.4184
0.470	2.4184
0.475	2.4184
0.480	2.4104
0.485	2.4104
0.490	2.4104
0.495	2.4184
0.500	2.4104
0.505	2.4184
0.510	2.4224
0.515	2.4224
0.520	2.4184
0.525	2.4184
0.530	2.4184
0.535	2.4104
0.540	2.4184
0.545	2.4104
0.550	2.4184
0.555	2.4224
0.560	2.4184
0.565	2.4224
0.570	2.4184
0.575	2.4144
0.580	2.4104
0.585	2.4224
0.590	2.4184
0.595	2.4144
0.600	2.4184
0.605	2.4224
0.610	2.4144
0.615	2.4184
0.620	2.4144
0.625	2.4184
0.630	2.4224
0.635	2.4184
0.640	2.4184
0.645	2.4184
0.650	2.4104
0.655	2.4184
0.660	2.4184
0.665	2.4224
0.670	2.4184
0.675	2.4184
0.680	2.4144
0.685	2.4224
0.690	2.4184
0.695	2.4224
0.700	2.4224
0.705	2.4224
0.710	2.4184
0.715	2.4144
0.720	2.4104
0.725	2.4184
0.730	2.4224
0.735	2.4304
0.740	2.4184
0.745	2.4184
0.750	2.4104
0.755	2.4144
0.760	2.4184
0.765	2.4144
0.770	2.4184
0.775	2.4184
0.780	2.4144
0.785	2.4224
0.790	2.4144
0.795	2.4184
0.800	2.4224
0.805	2.4184
0.810	2.4184
0.815	2.4224
0.820	2.4184
0.825	2.4184
0.830	2.4144
0.835	2.4144
0.840	2.4144
0.845	2.4224
0.850	2.4304
0.855	2.4184
0.860	2.4184
0.865	2.4144
0.870	2.4144
0.875	2.4144
0.880	2.4224
0.885	2.4184
0.890	2.4224
0.895	2.4144
0.900	2.4304
0.905	2.4184
0.910	2.4184
0.915	2.4224
0.920	2.4144
0.925	2.4224
0.930	2.4184
0.935	2.4184
0.940	2.4104
0.945	2.4184
0.950	2.4184
0.955	2.4304
0.960	2.4184
0.965	2.4144
0.970	2.4144
0.975	2.4104
0.980	2.4184
0.985	2.4224
0.990	2.4184
0.995	2.4184
1.000	2.4144
1.005	2.4144
1.010	2.4184
1.015	2.4224
1.020	2.4184
1.025	2.4224
1.030	2.4144
1.035	2.4104
1.040	2.4144
1.045	2.4184
1.050	2.4144
1.055	2.4144
1.060	2.4144
1.065	2.4224
1.070	2.4304
1.075	2.4224
1.080	2.4224
1.085	2.4104
1.090	2.4104
1.095	2.4184
1.100	2.4304
1.105	2.4224
1.110	2.4184
1.115	2.4184
1.120	2.4144
1.125	2.4144
1.130	2.4224
1.135	2.4184
1.140	2.4224
1.145	2.4184
1.150	2.4184
1.155	2.4144
1.160	2.4144
1.165	2.4224
1.170	2.4184
1.175	2.4224
1.180	2.4224
1.185	2.4104
1.190	2.4184
1.195	2.4184
1.200	2.4224
1.205	2.4184
1.210	2.4304
1.215	2.4144
1.220	2.4184
1.225	2.4224
1.230	2.4184
1.235	2.4224
1.240	2.4224
1.245	2.4184
1.250	2.4184
1.255	2.4104
1.260	2.4144
1.265	2.4184
1.270	2.4224
1.275	2.4304
1.280	2.4224
1.285	2.4184
1.290	2.4184
1.295	2.4184
1.300	2.4184
1.305	2.4184
1.310	2.4184
1.315	2.4184
1.320	2.4304
1.325	2.4224
1.330	2.4144
1.335	2.4104
1.340	2.4144
1.345	2.4184
1.350	2.4224
1.355	2.4224
1.360	2.4184
1.365	2.4144
1.370	2.4184
1.375	2.4104
1.380	2.4184
1.385	2.4224
1.390	2.4184
1.395	2.4184
1.400	2.4104
1.405	2.4144
1.410	2.4184
1.415	2.4224
1.420	2.4224
1.425	2.4224
1.430	2.4184
1.435	2.4224
1.440	2.4144
1.445	2.4184
1.450	2.4184
1.455	2.4304
1.460	2.4184
1.465	2.4184
1.470	2.4144
1.475	2.4184
1.480	2.4184
1.485	2.4224
1.490	2.4184
1.495	2.4224
1.500	2.4144
1.505	2.4224
1.510	2.4184
1.515	2.4224
1.520	2.4184
1.525	2.4184
1.530	2.4184
1.535	2.4184
1.540	2.4224
1.545	2.4184
1.550	2.4144
1.555	2.4184
1.560	2.4144
1.565	2.4184
1.570	2.4144
1.575	2.4104
1.580	2.4144
1.585	2.4144
1.590	2.4184
1.595	2.4184
1.600	2.4144
1.605	2.4224
1.610	2.4224
1.615	2.4224
1.620	2.4224
1.625	2.4184
1.630	2.4184
1.635	2.4344
1.640	2.4224
1.645	2.4224
1.650	2.4224
1.655	2.4184
1.660	2.4184
1.665	2.4304
1.670	2.4224
1.675	2.4184
1.680	2.4304
1.685	2.4224
1.690	2.4184
1.695	2.4304
1.700	2.4224
1.705	2.4184
1.710	2.4144
1.715	2.4144
1.720	2.4144
1.725	2.4184
1.730	2.4304
1.735	2.4184
1.740	2.4184
1.745	2.4144
1.750	2.4144
1.755	2.4144
1.760	2.4184
1.765	2.4224
1.770	2.4144
1.775	2.4224
1.780	2.4144
1.785	2.4184
1.790	2.4224
1.795	2.4344
1.800	2.4184
1.805	2.4184
1.810	2.4104
1.815	2.4184
1.820	2.4184
1.825	2.4104
1.830	2.4184
1.835	2.4144
1.840	2.4304
1.845	2.4184
1.850	2.4144
1.855	2.4144
1.860	2.4224
1.865	2.4184
1.870	2.4224
1.875	2.4304
1.880	2.4104
1.885	2.4184
1.890	2.4144
1.895	2.4104
1.900	2.4224
1.905	2.4184
1.910	2.3584
1.915	2.3624
1.920	2.3744
1.925	2.3864
1.930	2.3744
1.935	2.3744
1.940	2.3464
1.945	2.3944
1.950	2.3424
1.955	2.3384
1.960	2.3224
1.965	2.3264
1.970	2.3224
1.975	2.3104
1.980	2.2944
1.985	2.2704
1.990	1.9104
1.995	2.4224
2.000	2.3304
2.005	2.2544
2.010	2.2064
2.015	2.2344
2.020	2.2424
2.025	2.2384
2.030	2.2344
2.035	2.2344
2.040	2.2384
2.045	2.2424
2.050	2.2504
2.055	2.2504
2.060	2.2344
2.065	2.2344
2.070	2.2384
2.075	2.2384
2.080	2.2544
2.085	2.2504
2.090	2.2584
2.095	2.2224
2.100	2.2584
2.105	2.2344
2.110	2.2584
2.115	2.2064
2.120	2.2664
2.125	2.2504
2.130	2.2424
2.135	2.2144
2.140	2.2664
2.145	2.2184
2.150	2.2664
2.155	2.2304
2.160	2.2504
2.165	2.2384
2.170	2.2504
2.175	2.2304
2.180	2.2504
2.185	2.2424
2.190	2.2424
2.195	2.2224
2.200	2.2184
2.205	2.2384
2.210	2.2424
2.215	2.2384
2.220	2.2384
2.225	2.1984
2.230	2.2544
2.235	2.2184
2.240	2.2424
2.245	2.2064
2.250	2.2304
2.255	2.2384
2.260	2.2384
2.265	2.2224
2.270	2.2384
2.275	2.2224
2.280	2.2384
2.285	2.2384
2.290	2.2184
2.295	2.2144
2.300	2.2344
2.305	2.2184
2.310	2.2144
2.315	2.2224
2.320	2.2144
2.325	2.2224
2.330	2.2184
2.335	2.2184
2.340	2.2224
2.345	2.2304
2.350	2.2064
2.355	2.2184
2.360	2.2224
2.365	2.2224
2.370	2.2064
2.375	2.1984
2.380	2.2304
2.385	2.2224
2.390	2.2184
2.395	2.2224
2.400	2.2304
2.405	2.2024
2.410	2.2184
2.415	2.2144
2.420	2.2304
2.425	2.2024
2.430	2.2304
2.435	2.2024
2.440	2.2184
2.445	2.2064
2.450	2.2064
2.455	2.2024
2.460	2.2184
2.465	2.1984
2.470	2.2064
2.475	2.1944
2.480	2.2064
2.485	2.2064
2.490	2.2024
2.495	2.2144
2.500	2.2064
2.505	2.2024
2.510	2.2144
2.515	2.2064
2.520	2.2024
2.525	2.1624
2.530	2.2344
2.535	2.1944
2.540	2.2144
2.545	2.1944
2.550	2.1984
2.555	2.1984
2.560	2.2064
2.565	2.2144
2.570	2.1824
2.575	2.1984
2.580	2.1984
2.585	2.1984
2.590	2.2024
2.595	2.1984
2.600	2.2144
2.605	2.1864
2.610	2.1624
2.615	2.2184
2.620	2.1784
2.625	2.1984
2.630	2.2024
2.635	2.1784
2.640	2.1864
2.645	2.1864
2.650	2.1864
2.655	2.2064
2.660	2.1864
2.665	2.1944
2.670	2.1944
2.675	2.1784
2.680	2.2064
2.685	2.1704
2.690	2.1624
2.695	2.1824
2.700	2.1864
2.705	2.1944
2.710	2.1584
2.715	2.2024
2.720	2.1784
2.725	2.1864
2.730	2.1824
2.735	2.1864
2.740	2.1824
2.745	2.1664
2.750	2.1944
2.755	2.1704
2.760	2.1784
2.765	2.1984
2.770	2.1624
2.775	2.1984
2.780	2.1464
2.785	2.2144
2.790	2.1584
2.795	2.1824
2.800	2.1784
2.805	2.1504
2.810	2.1824
2.815	2.2184
2.820	2.1344
2.825	2.1824
2.830	2.1704
2.835	2.1784
2.840	2.1664
2.845	2.1704
2.850	2.1584
2.855	2.1664
2.860	2.1664
2.865	2.1584
2.870	2.1944
2.875	2.1584
2.880	2.1864
2.885	2.1344
2.890	2.1624
2.895	2.1704
2.900	2.1704
2.905	2.1624
2.910	2.1664
2.915	2.1624
2.920	2.1944
2.925	2.1424
2.930	2.1664
2.935	2.1704
2.940	2.1664
2.945	2.1624
2.950	2.1664
2.955	2.1624
2.960	2.1664
2.965	2.1624
2.970	2.1264
2.975	2.1984
2.980	2.1584
2.985	2.1824
2.990	2.1464
2.995	2.1504
3.000	2.1504
3.005	2.1584
3.010	2.1704
3.015	2.1584
3.020	2.1064
3.025	2.1944
3.030	2.1584
3.035	2.1464
3.040	2.1824
3.045	2.1144
3.050	2.1824
3.055	2.1584
3.060	2.1464
3.065	2.1584
3.070	2.1464
3.075	2.1784
3.080	2.1504
3.085	2.1464
3.090	2.1584
3.095	2.1504
3.100	2.1504
3.105	2.1624
3.110	2.1304
3.115	2.1624
3.120	2.1584
3.125	2.1464
3.130	2.1424
3.135	2.1624
3.140	2.1464
3.145	2.1624
3.150	2.1424
3.155	2.1584
3.160	2.1464
3.165	2.1504
3.170	2.1504
3.175	2.1424
3.180	2.1584
3.185	2.0624
3.190	2.1944
3.195	2.0984
3.200	2.1704
3.205	2.1424
3.210	2.1624
3.215	2.1624
3.220	2.2064
3.225	2.1864
3.230	2.1784
3.235	2.1064
3.240	2.1504
3.245	2.1624
3.250	2.1704
3.255	2.1504
3.260	2.1824
3.265	2.1424
3.270	2.1584
3.275	2.1664
3.280	2.1584
3.285	2.1304
3.290	2.1704
3.295	2.2024
3.300	2.0984
3.305	2.1704
3.310	2.1424
3.315	2.1504
3.320	2.1784
3.325	2.1504
3.330	2.1464
3.335	2.1464
3.340	2.1584
3.345	2.1664
3.350	2.1464
3.355	2.1664
3.360	2.1344
3.365	2.1504
3.370	2.1784
3.375	2.1624
3.380	2.1624
3.385	2.2744
3.390	2.0864
3.395	2.1664
3.400	2.1664
3.405	2.1784
3.410	2.1344
3.415	2.1704
3.420	2.1264
3.425	2.1584
3.430	2.0984
3.435	2.2024
3.440	2.1624
3.445	2.1624
3.450	2.1504
3.455	2.1224
3.460	2.1784
3.465	2.1584
3.470	2.1504
3.475	2.1624
3.480	2.1624
3.485	2.1624
3.490	2.1624
3.495	2.1584
3.500	2.1584
3.505	2.1784
3.510	2.1424
3.515	2.1664
3.520	2.1504
3.525	2.1704
3.530	2.1664
3.535	2.1344
3.540	2.1624
3.545	2.1624
3.550	2.1704
3.555	2.1664
3.560	2.1664
3.565	2.1624
3.570	2.1624
3.575	2.1584
3.580	2.1624
3.585	2.1624
3.590	2.1784
3.595	2.1504
3.600	2.1624
3.605	2.1624
3.610	2.2184
3.615	2.1264
3.620	2.1784
3.625	2.1144
3.630	2.2184
3.635	2.1584
3.640	2.1704
3.645	2.1664
3.650	2.1664
3.655	2.1784
3.660	2.1704
3.665	2.1224
3.670	2.1664
3.675	2.1584
3.680	2.1864
3.685	2.1864
3.690	2.1624
3.695	2.1704
3.700	2.1664
3.705	2.1784
3.710	2.1704
3.715	2.2944
3.720	2.0544
3.725	2.1944
3.730	2.1464
3.735	2.1864
3.740	2.1704
3.745	2.1584
3.750	2.1704
3.755	2.1664
3.760	2.1784
3.765	2.1784
3.770	2.2424
3.775	2.1504
3.780	2.1424
3.785	2.1504
3.790	2.1624
3.795	2.1984
3.800	2.1264
3.805	2.1824
3.810	2.1584
3.815	2.1784
3.820	2.1984
3.825	2.1664
3.830	2.1944
3.835	2.1664
3.840	2.1944
3.845	2.1784
3.850	2.1344
3.855	2.2024
3.860	2.1624
3.865	2.1864
3.870	2.1824
3.875	2.1704
3.880	2.1984
3.885	2.1704
3.890	2.1864
3.895	2.1824
3.900	2.1784
3.905	2.1864
3.910	2.1784
3.915	2.1864
3.920	2.1704
3.925	2.2864
3.930	2.1264
3.935	2.1864
3.940	2.1624
3.945	2.1944
3.950	2.1784
3.955	2.1864
3.960	2.1784
3.965	2.1664
3.970	2.2504
3.975	2.0504
3.980	2.1984
3.985	2.1464
3.990	2.2064
3.995	2.1984
4.000	2.1944
4.005	2.1664
4.010	2.1664
4.015	2.1864
4.020	2.1824
4.025	2.1824
4.030	2.1664
4.035	2.1784
4.040	2.1864
4.045	2.1944
4.050	2.1704
4.055	2.1864
4.060	2.1824
4.065	2.1864
4.070	2.1944
4.075	2.1624
4.080	2.1864
4.085	2.1984
4.090	2.1824
4.095	2.1824
4.100	2.1944
4.105	2.1664
4.110	2.1824
4.115	2.1864
4.120	2.1824
4.125	2.2424
4.130	2.1584
4.135	2.1824
4.140	2.1984
4.145	2.1864
4.150	2.1984
4.155	2.1664
4.160	2.1944
4.165	2.1664
4.170	2.1984
4.175	2.1784
4.180	2.1824
4.185	2.1944
4.190	2.1984
4.195	2.1824
4.200	2.1864
4.205	2.2024
4.210	2.1624
4.215	2.1984
4.220	2.1944
4.225	2.1944
4.230	2.1864
4.235	2.1824
4.240	2.1984
4.245	2.1824
4.250	2.1944
4.255	2.1864
4.260	2.2024
4.265	2.1664
4.270	2.2344
4.275	2.1824
4.280	2.2024
4.285	2.1984
4.290	2.1944
4.295	2.1984
4.300	2.1984
4.305	2.2184
4.310	2.2024
4.315	2.2064
4.320	2.1984
4.325	2.2024
4.330	2.2024
4.335	2.2144
4.340	2.1944
4.345	2.1784
4.350	2.2344
4.355	2.1824
4.360	2.2224
4.365	2.2024
4.370	2.2184
4.375	2.1984
4.380	2.1984
4.385	2.2304
4.390	2.1984
4.395	2.2184
4.400	2.2064
4.405	2.2224
4.410	2.2144
4.415	2.2144
4.420	2.2184
4.425	2.2344
4.430	2.2144
4.435	2.2144
4.440	2.2224
4.445	2.2384
4.450	2.2024
4.455	2.2544
4.460	2.2024
4.465	2.2304
4.470	2.2144
4.475	2.2344
4.480	2.2304
4.485	2.2184
4.490	2.2304
4.495	2.2224
4.500	2.2424
4.505	2.2224
4.510	2.2384
4.515	2.2344
4.520	2.2224
4.525	2.2424
4.530	2.2344
4.535	2.2304
4.540	2.2384
4.545	2.2184
4.550	2.2344
4.555	2.2424
4.560	2.2224
4.565	2.2504
4.570	2.2424
4.575	2.2384
4.580	2.2344
4.585	2.2424
4.590	2.2384
4.595	2.2344
4.600	2.2584
4.605	2.2344
4.610	2.2424
4.615	2.2504
4.620	2.2344
4.625	2.2544
4.630	2.2424
4.635	2.2424
4.640	2.2504
4.645	2.2504
4.650	2.2704
4.655	2.2344
4.660	2.2664
4.665	2.2424
4.670	2.2504
4.675	2.2584
4.680	2.2384
4.685	2.2664
4.690	2.2544
4.695	2.2584
4.700	2.2664
4.705	2.2384
4.710	2.2544
4.715	2.2704
4.720	2.2424
4.725	2.2544
4.730	2.2504
4.735	2.2584
4.740	2.2504
4.745	2.2584
4.750	2.2664
4.755	2.2544
4.760	2.2584
4.765	2.2424
4.770	2.2744
4.775	2.2584
4.780	2.2704
4.785	2.2584
4.790	2.2664
4.795	2.2664
4.800	2.2704
4.805	2.2584
4.810	2.2584
4.815	2.2664
4.820	2.2744
4.825	2.2544
4.830	2.2744
4.835	2.2704
4.840	2.2784
4.845	2.2704
4.850	2.2704
4.855	2.2784
4.860	2.2704
4.865	2.2704
4.870	2.2664
4.875	2.2784
4.880	2.2744
4.885	2.2784
4.890	2.2584
4.895	2.2864
4.900	2.2704
4.905	2.2784
4.910	2.2744
4.915	2.2704
4.920	2.2784
4.925	2.2744
4.930	2.2784
4.935	2.2784
4.940	2.2784
4.945	2.2744
4.950	2.2784
4.955	2.2784
4.960	2.2744
4.965	2.2864
4.970	2.2944
4.975	2.2784
4.980	2.2904
4.985	2.2864
4.990	2.3024
4.995	2.2864
5.000	2.2784
5.005	2.2864
5.010	2.2944
5.015	2.2904
5.020	2.2904
5.025	2.2744
5.030	2.3024
5.035	2.2864
5.040	2.2744
5.045	2.2864
5.050	2.2904
5.055	2.2904
5.060	2.2864
5.065	2.3024
5.070	2.3024
5.075	2.2864
5.080	2.2864
5.085	2.2904
5.090	2.3064
5.095	2.3064
5.100	2.2904
5.105	2.3024
5.110	2.2864
5.115	2.2904
5.120	2.3224
5.125	2.2904
5.130	2.2944
5.135	2.2864
5.140	2.2864
5.145	2.2944
5.150	2.3024
5.155	2.2904
5.160	2.2904
5.165	2.3024
5.170	2.3024
5.175	2.3024
5.180	2.3024
5.185	2.2904
5.190	2.3024
5.195	2.3024
5.200	2.2904
5.205	2.2904
5.210	2.3064
5.215	2.3064
5.220	2.2944
5.225	2.2944
5.230	2.3024
5.235	2.3104
5.240	2.3144
5.245	2.3024
5.250	2.3144
5.255	2.3104
5.260	2.3104
5.265	2.3224
5.270	2.3104
5.275	2.3144
5.280	2.3144
5.285	2.3224
5.290	2.3104
5.295	2.3104
5.300	2.3104
5.305	2.3104
5.310	2.3064
5.315	2.3104
5.320	2.3064
5.325	2.3064
5.330	2.3104
5.335	2.3104
5.340	2.3224
5.345	2.3064
5.350	2.3064
5.355	2.3144
5.360	2.3064
5.365	2.3264
5.370	2.3024
5.375	2.3224
5.380	2.3144
5.385	2.3224
5.390	2.3104
5.395	2.3144
5.400	2.3264
5.405	2.3064
5.410	2.3264
5.415	2.3104
5.420	2.3104
5.425	2.3224
5.430	2.3104
5.435	2.3264
5.440	2.3104
5.445	2.3304
5.450	2.3104
5.455	2.3384
5.460	2.3144
5.465	2.3224
5.470	2.3384
5.475	2.3104
5.480	2.3304
5.485	2.3144
5.490	2.3304
5.495	2.3144
5.500	2.3384
5.505	2.3104
5.510	2.3384
5.515	2.3304
5.520	2.3104
5.525	2.3384
5.530	2.3224
5.535	2.3304
5.540	2.3304
5.545	2.3264
5.550	2.3144
5.555	2.3304
5.560	2.3424
5.565	2.3264
5.570	2.3304
5.575	2.3264
5.580	2.3224
5.585	2.3384
5.590	2.3224
5.595	2.3424
5.600	2.3424
5.605	2.3224
5.610	2.3504
5.615	2.3304
5.620	2.3464
5.625	2.3384
5.630	2.3264
5.635	2.3464
5.640	2.3224
5.645	2.3424
5.650	2.3304
5.655	2.3504
5.660	2.3384
5.665	2.3224
5.670	2.3584
5.675	2.3384
5.680	2.3424
5.685	2.3624
5.690	2.3424
5.695	2.3464
5.700	2.3464
5.705	2.3464
5.710	2.3384
5.715	2.3384
5.720	2.3384
5.725	2.3504
5.730	2.3304
5.735	2.3664
5.740	2.3424
5.745	2.3464
5.750	2.3664
5.755	2.3464
5.760	2.3424
5.765	2.3584
5.770	2.3504
5.775	2.3504
5.780	2.3464
5.785	2.3584
5.790	2.3624
5.795	2.3464
5.800	2.3744
5.805	2.3464
5.810	2.3624
5.815	2.3504
5.820	2.3784
5.825	2.3104
5.830	2.3664
5.835	2.3624
5.840	2.3464
5.845	2.3624
5.850	2.3664
5.855	2.3624
5.860	2.3584
5.865	2.3624
5.870	2.3504
5.875	2.3744
5.880	2.3504
5.885	2.3584
5.890	2.3664
5.895	2.3424
5.900	2.3824
5.905	2.3584
5.910	2.3424
5.915	2.3624
5.920	2.3664
5.925	2.3784
5.930	2.3664
5.935	2.3744
5.940	2.3624
5.945	2.3664
5.950	2.3824
5.955	2.3664
5.960	2.3824
5.965	2.3784
5.970	2.3624
5.975	2.3584
5.980	2.3864
5.985	2.3784
5.990	2.3744
5.995	2.3664
6.000	2.3984
6.005	2.3744
6.010	2.3744
6.015	2.3824
6.020	2.3824
6.025	2.4104
6.030	2.3664
6.035	2.3984
6.040	2.3784
6.045	2.3504
6.050	2.3744
6.055	2.3824
6.060	2.3664
6.065	2.3824
6.070	2.3944
6.075	2.3584
6.080	2.3984
6.085	2.3784
6.090	2.3944
6.095	2.3744
6.100	2.3864
6.105	2.4104
6.110	2.3624
6.115	2.3944
6.120	2.3944
6.125	2.3864
6.130	2.4104
6.135	2.3944
6.140	2.3984
6.145	2.3984
6.150	2.3944
6.155	2.3864
6.160	2.3984
6.165	2.3864
6.170	2.4144
6.175	2.4024
6.180	2.3944
6.185	2.4184
6.190	2.3984
6.195	2.3944
6.200	2.4024
6.205	2.4024
6.210	2.4104
6.215	2.4024
6.220	2.4024
6.225	2.3984
6.230	2.3984
6.235	2.4184
6.240	2.4104
6.245	2.4304
6.250	2.4184
6.255	2.4184
6.260	2.4024
6.265	2.3944
6.270	2.4144
6.275	2.3944
6.280	2.3944
6.285	2.4184
6.290	2.4104
6.295	2.4024
6.300	2.4104
6.305	2.4224
6.310	2.4224
6.315	2.3864
6.320	2.4144
6.325	2.4384
6.330	2.3864
6.335	2.4224
6.340	2.3664
6.345	2.3944
6.350	2.3744
6.355	2.3864
6.360	2.3944
6.365	2.3664
6.370	2.3984
6.375	2.3864
6.380	2.3824
6.385	2.4224
6.390	2.3464
6.395	2.3944
6.400	2.3864
6.405	2.3824
6.410	2.4024
6.415	2.3944
6.420	2.3864
6.425	2.3624
6.430	2.3744
6.435	2.3784
6.440	2.3984
6.445	2.3944
6.450	2.3784
6.455	2.4144
6.460	2.4024
6.465	2.4144
6.470	2.4104
6.475	2.4104
6.480	2.4024
6.485	2.4104
6.490	2.4104
6.495	2.4144
6.500	2.4104
6.505	2.4304
6.510	2.4104
6.515	2.4144
6.520	2.4144
6.525	2.4024
6.530	2.4224
6.535	2.4224
6.540	2.4184
6.545	2.4384
6.550	2.4184
6.555	2.4384
6.560	2.4144
6.565	2.4544
6.570	2.4024
6.575	2.4464
6.580	2.4224
6.585	2.4344
6.590	2.4184
6.595	2.4344
6.600	2.4304
6.605	2.4504
6.610	2.4304
6.615	2.4664
6.620	2.4304
6.625	2.4304
6.630	2.4144
6.635	2.3944
6.640	2.4464
6.645	2.4384
6.650	2.4384
6.655	2.4464
6.660	2.4344
6.665	2.4384
6.670	2.4464
6.675	2.4384
6.680	2.4304
6.685	2.4464
6.690	2.4144
6.695	2.4664
6.700	2.4384
6.705	2.4304
6.710	2.4224
6.715	2.4504
6.720	2.4384
6.725	2.4464
6.730	2.4544
6.735	2.4344
6.740	2.4544
6.745	2.4464
6.750	2.4464
6.755	2.4384
6.760	2.4544
6.765	2.4584
6.770	2.4464
6.775	2.4464
6.780	2.4504
6.785	2.4504
6.790	2.4664
6.795	2.4544
6.800	2.4504
6.805	2.4464
6.810	2.4544
6.815	2.4384
6.820	2.4544
6.825	2.4544
6.830	2.4384
6.835	2.4744
6.840	2.4504
6.845	2.4704
6.850	2.4504
6.855	2.4704
6.860	2.4584
6.865	2.4584
6.870	2.4864
6.875	2.4664
6.880	2.4744
6.885	2.4824
6.890	2.4664
6.895	2.4704
6.900	2.4584
6.905	2.4824
6.910	2.4544
6.915	2.4824
6.920	2.4664
6.925	2.4664
6.930	2.4544
6.935	2.4664
6.940	2.4704
6.945	2.4584
6.950	2.4664
6.955	2.4584
6.960	2.4584
6.965	2.4584
6.970	2.4664
6.975	2.4664
6.980	2.4704
6.985	2.4744
6.990	2.4664
6.995	2.4584
7.000	2.4704
7.005	2.4664
7.010	2.4704
7.015	2.4544
7.020	2.4744
7.025	2.4584
7.030	2.4664
7.035	2.4824
7.040	2.4664
7.045	2.4704
7.050	2.4824
7.055	2.4704
7.060	2.4664
7.065	2.4664
7.070	2.4704
7.075	2.4704
7.080	2.4744
7.085	2.4664
7.090	2.4584
7.095	2.4824
7.100	2.4664
7.105	2.4744
7.110	2.4584
7.115	2.4744
7.120	2.4704
7.125	2.4584
7.130	2.4704
7.135	2.4544
7.140	2.4864
7.145	2.4704
7.150	2.4744
7.155	2.4744
7.160	2.4864
7.165	2.4744
7.170	2.4584
7.175	2.4744
7.180	2.4584
7.185	2.4704
7.190	2.4664
7.195	2.4664
7.200	2.4864
7.205	2.4504
7.210	2.4824
7.215	2.4544
7.220	2.4744
7.225	2.4704
7.230	2.4664
7.235	2.4744
7.240	2.4664
7.245	2.4664
7.250	2.4664
7.255	2.4704
7.260	2.4584
7.265	2.4664
7.270	2.4664
7.275	2.4744
7.280	2.4584
7.285	2.4864
7.290	2.4744
7.295	2.4704
7.300	2.4744
7.305	2.4664
7.310	2.4704
7.315	2.4744
7.320	2.4704
7.325	2.4864
7.330	2.4664
7.335	2.4864
7.340	2.4664
7.345	2.4824
7.350	2.4704
7.355	2.4744
7.360	2.4584
7.365	2.4704
7.370	2.4864
7.375	2.4504
7.380	2.4864
7.385	2.4664
7.390	2.4664
7.395	2.4664
7.400	2.4704
7.405	2.4824
7.410	2.4744
7.415	2.4704
7.420	2.4704
7.425	2.4664
7.430	2.4824
7.435	2.4744
7.440	2.4824
7.445	2.4824
7.450	2.4544
7.455	2.4904
7.460	2.4824
7.465	2.4704
7.470	2.4824
7.475	2.4744
7.480	2.4704
7.485	2.4744
7.490	2.4824
7.495	2.4704
7.500	2.4664
7.505	2.4824
7.510	2.4664
7.515	2.4744
7.520	2.4704
7.525	2.4744
7.530	2.4744
7.535	2.4704
7.540	2.4704
7.545	2.4824
7.550	2.4584
7.555	2.4744
7.560	2.4704
7.565	2.4864
7.570	2.4704
7.575	2.4704
7.580	2.4744
7.585	2.4824
7.590	2.4864
7.595	2.4744
7.600	2.4704
7.605	2.4744
7.610	2.4704
7.615	2.4704
7.620	2.4664
7.625	2.4664
7.630	2.4704
7.635	2.4744
7.640	2.4864
7.645	2.4704
7.650	2.4704
7.655	2.4664
7.660	2.4824
7.665	2.4664
7.670	2.4744
7.675	2.4704
7.680	2.4704
7.685	2.4824
7.690	2.4744
7.695	2.4704
7.700	2.4744
7.705	2.4744
7.710	2.4824
7.715	2.4744
7.720	2.4744
7.725	2.4664
7.730	2.4824
7.735	2.4704
7.740	2.4704
7.745	2.4864
7.750	2.4744
7.755	2.4744
7.760	2.4824
7.765	2.4744
7.770	2.4744
7.775	2.4824
7.780	2.4744
7.785	2.4864
7.790	2.4704
7.795	2.4824
7.800	2.4864
7.805	2.4704
7.810	2.4864
7.815	2.4744
7.820	2.4904
7.825	2.4744
7.830	2.4744
7.835	2.4744
7.840	2.4824
7.845	2.4744
7.850	2.4744
7.855	2.4864
7.860	2.4664
7.865	2.4704
7.870	2.4824
7.875	2.4744
7.880	2.4824
7.885	2.4704
7.890	2.4704
7.895	2.4744
7.900	2.4864
7.905	2.4824
7.910	2.4744
7.915	2.4744
7.920	2.4664
7.925	2.4824
7.930	2.4704
7.935	2.4704
7.940	2.4864
7.945	2.4744
7.950	2.4704
7.955	2.4824
7.960	2.4704
7.965	2.4704
7.970	2.4664
7.975	2.4864
7.980	2.4744
7.985	2.4744
7.990	2.4744
7.995	2.4664
8.000	2.4744
8.005	2.4824
8.010	2.4704
8.015	2.4704
8.020	2.4704
8.025	2.4744
8.030	2.4744
8.035	2.4824
8.040	2.4704
8.045	2.4704
8.050	2.4744
8.055	2.4824
8.060	2.4744
8.065	2.4864
8.070	2.4824
8.075	2.4824
8.080	2.4824
8.085	2.4864
8.090	2.4864
8.095	2.4824
8.100	2.4824
8.105	2.4744
8.110	2.4864
8.115	2.4904
8.120	2.4824
8.125	2.4824
8.130	2.4704
8.135	2.4824
8.140	2.4744
8.145	2.4744
8.150	2.4744
8.155	2.4704
8.160	2.4704
8.165	2.4744
8.170	2.4744
8.175	2.4664
8.180	2.4864
8.185	2.4704
8.190	2.4704
8.195	2.4864
8.200	2.4744
8.205	2.4824
8.210	2.4704
8.215	2.4744
8.220	2.4824
8.225	2.4704
8.230	2.4664
8.235	2.4824
8.240	2.4664
8.245	2.4704
8.250	2.4824
8.255	2.4824
8.260	2.4824
8.265	2.4704
8.270	2.4704
8.275	2.4824
8.280	2.4824
8.285	2.4744
8.290	2.4664
8.295	2.4824
8.300	2.4824
8.305	2.4824
8.310	2.4744
8.315	2.4744
8.320	2.4744
8.325	2.4864
8.330	2.4864
8.335	2.4704
8.340	2.4824
8.345	2.4824
8.350	2.4824
8.355	2.4824
8.360	2.4704
8.365	2.4824
8.370	2.4744
8.375	2.4864
8.380	2.4824
8.385	2.4864
8.390	2.4744
8.395	2.4824
8.400	2.4824
8.405	2.4704
8.410	2.4744
8.415	2.4664
8.420	2.4744
8.425	2.4744
8.430	2.4744
8.435	2.4744
8.440	2.4664
8.445	2.4744
8.450	2.4704
8.455	2.4744
8.460	2.4704
8.465	2.4704
8.470	2.4744
8.475	2.4704
8.480	2.4744
8.485	2.4824
8.490	2.4824
8.495	2.4744
8.500	2.4744
8.505	2.4824
8.510	2.4744
8.515	2.4824
8.520	2.4824
8.525	2.4824
8.530	2.4704
8.535	2.4704
8.540	2.4664
8.545	2.4704
8.550	2.4704
8.555	2.4744
8.560	2.4744
8.565	2.4744
8.570	2.4744
8.575	2.4704
8.580	2.4744
8.585	2.4744
8.590	2.4744
8.595	2.4744
8.600	2.4864
8.605	2.4824
8.610	2.4704
8.615	2.4704
8.620	2.4664
8.625	2.4744
8.630	2.4824
8.635	2.4704
8.640	2.4744
8.645	2.4864
8.650	2.4824
8.655	2.4824
8.660	2.4744
8.665	2.4744
8.670	2.4744
8.675	2.4704
8.680	2.4704
8.685	2.4824
8.690	2.4824
8.695	2.4704
8.700	2.4704
8.705	2.4704
8.710	2.4824
8.715	2.4704
8.720	2.4864
8.725	2.4824
8.730	2.4824
8.735	2.4744
8.740	2.4704
8.745	2.4704
8.750	2.4824
8.755	2.4864
8.760	2.4744
8.765	2.4744
8.770	2.4704
8.775	2.4824
8.780	2.4704
8.785	2.4704
8.790	2.4824
8.795	2.4664
8.800	2.4744
8.805	2.4864
8.810	2.4744
8.815	2.4744
8.820	2.4824
8.825	2.4744
8.830	2.4824
8.835	2.4664
8.840	2.4744
8.845	2.4704
8.850	2.4824
8.855	2.4824
8.860	2.4824
8.865	2.4744
8.870	2.4704
8.875	2.4824
8.880	2.4824
8.885	2.4744
8.890	2.4744
8.895	2.4824
8.900	2.4704
8.905	2.4744
8.910	2.4584
8.915	2.4704
8.920	2.4704
8.925	2.4744
8.930	2.4824
8.935	2.4704
8.940	2.4744
8.945	2.4704
8.950	2.4744
8.955	2.4664
8.960	2.4744
8.965	2.4744
8.970	2.4704
8.975	2.4824
8.980	2.4824
8.985	2.4744
8.990	2.4744
8.995	2.4744
9.000	2.4864
9.005	2.4824
9.010	2.4704
9.015	2.4704
9.020	2.4744
9.025	2.4744
9.030	2.4744
9.035	2.4704
9.040	2.4704
9.045	2.4824
9.050	2.4744
9.055	2.4824
9.060	2.4744
9.065	2.4824
9.070	2.4824
9.075	2.4744
9.080	2.4744
9.085	2.4824
9.090	2.4744
9.095	2.4864
9.100	2.4744
9.105	2.4824
9.110	2.4704
9.115	2.4744
9.120	2.4824
9.125	2.4704
9.130	2.4744
9.135	2.4704
9.140	2.4744
9.145	2.4704
9.150	2.4744
9.155	2.4744
9.160	2.4704
9.165	2.4744
9.170	2.4704
9.175	2.4744
9.180	2.4744
9.185	2.4744
9.190	2.4824
9.195	2.4824
9.200	2.4824
9.205	2.4704
9.210	2.4744
9.215	2.4744
9.220	2.4704
9.225	2.4704
9.230	2.4824
9.235	2.4664
9.240	2.4824
9.245	2.4824
9.250	2.4824
9.255	2.4824
9.260	2.4824
9.265	2.4704
9.270	2.4664
9.275	2.4664
9.280	2.4744
9.285	2.4824
9.290	2.4824
9.295	2.4744
9.300	2.4704
9.305	2.4704
9.310	2.4704
9.315	2.4664
9.320	2.4704
9.325	2.4744
9.330	2.4704
9.335	2.4744
9.340	2.4824
9.345	2.4704
9.350	2.4704
9.355	2.4584
9.360	2.4744
9.365	2.4664
9.370	2.4704
9.375	2.4704
9.380	2.4824
9.385	2.4744
9.390	2.4744
9.395	2.4704
9.400	2.4664
9.405	2.4704
9.410	2.4744
9.415	2.4744
9.420	2.4744
9.425	2.4704
9.430	2.4744
9.435	2.4744
9.440	2.4824
9.445	2.4704
9.450	2.4744
9.455	2.4664
9.460	2.4704
9.465	2.4704
9.470	2.4744
9.475	2.4664
9.480	2.4664
9.485	2.4744
9.490	2.4704
9.495	2.4664
9.500	2.4704
9.505	2.4744
9.510	2.4824
9.515	2.4824
9.520	2.4704
9.525	2.4704
9.530	2.4744
9.535	2.4704
9.540	2.4744
9.545	2.4664
9.550	2.4744
9.555	2.4744
9.560	2.4704
9.565	2.4744
9.570	2.4704
9.575	2.4664
9.580	2.4744
9.585	2.4744
9.590	2.4704
9.595	2.4824
9.600	2.4704
9.605	2.4704
9.610	2.4704
9.615	2.4664
9.620	2.4704
9.625	2.4664
9.630	2.4704
9.635	2.4704
9.640	2.4704
9.645	2.4704
9.650	2.4584
9.655	2.4704
9.660	2.4744
9.665	2.4704
9.670	2.4824
9.675	2.4704
9.680	2.4664
9.685	2.4744
9.690	2.4704
9.695	2.4824
9.700	2.4704
9.705	2.4744
9.710	2.4704
9.715	2.4744
9.720	2.4704
9.725	2.4744
9.730	2.4744
9.735	2.4824
9.740	2.4704
9.745	2.4664
9.750	2.4664
9.755	2.4584
9.760	2.4664
9.765	2.4664
9.770	2.4704
9.775	2.4664
9.780	2.4664
9.785	2.4704
9.790	2.4664
9.795	2.4744
9.800	2.4704
9.805	2.4704
9.810	2.4704
9.815	2.4704
9.820	2.4664
9.825	2.4824
9.830	2.4824
9.835	2.4744
9.840	2.4744
9.845	2.4584
9.850	2.4704
9.855	2.4704
9.860	2.4704
9.865	2.4824
9.870	2.4664
9.875	2.4664
9.880	2.4744
9.885	2.4744
9.890	2.4704
9.895	2.4664
9.900	2.4664
9.905	2.4664
9.910	2.4824
9.915	2.4824
9.920	2.4664
9.925	2.4704
9.930	2.4704
9.935	2.4744
9.940	2.4824
9.945	2.4664
9.950	2.4704
9.955	2.4824
9.960	2.4744
9.965	2.4704
9.970	2.4744
9.975	2.4744
9.980	2.4744
9.985	2.4744
9.990	2.4704
9.995	2.4704
10.000	2.4864
10.005	2.4744
10.010	2.4704
10.015	2.4744
10.020	2.4664
10.025	2.4584
10.030	2.4584
10.035	2.4664
10.040	2.4664
10.045	2.4704
10.050	2.4664
10.055	2.4704
10.060	2.4744
10.065	2.4824
10.070	2.4744
10.075	2.4744
10.080	2.4824
10.085	2.4824
10.090	2.4864
10.095	2.4864
10.100	2.4824
10.105	2.4824
10.110	2.4824
10.115	2.4744
10.120	2.4864
10.125	2.4824
10.130	2.4864
10.135	2.4824
10.140	2.4664
10.145	2.4664
10.150	2.4584
10.155	2.4584
10.160	2.4664
10.165	2.4704
10.170	2.4704
10.175	2.4704
10.180	2.4704
10.185	2.4704
10.190	2.4744
10.195	2.4744
10.200	2.4824
10.205	2.4744
10.210	2.4704
10.215	2.4744
10.220	2.4704
10.225	2.4664
10.230	2.4704
10.235	2.4664
10.240	2.4744
10.245	2.4704
10.250	2.4704
10.255	2.4744
10.260	2.4824
10.265	2.4744
10.270	2.4744
10.275	2.4744
10.280	2.4704
10.285	2.4704
10.290	2.4704
10.295	2.4704
10.300	2.4704
10.305	2.4824
10.310	2.4704
10.315	2.4704
10.320	2.4704
10.325	2.4664
10.330	2.4664
10.335	2.4704
10.340	2.4704
10.345	2.4664
10.350	2.4744
10.355	2.4824
10.360	2.4704
10.365	2.4664
10.370	2.4704
10.375	2.4704
10.380	2.4744
10.385	2.4744
10.390	2.4744
10.395	2.4664
10.400	2.4704
10.405	2.4744
10.410	2.4744
10.415	2.4664
10.420	2.4824
10.425	2.4704
10.430	2.4744
10.435	2.4704
10.440	2.4664
10.445	2.4824
10.450	2.4744
10.455	2.4664
10.460	2.4664
10.465	2.4704
10.470	2.4744
10.475	2.4744
10.480	2.4704
10.485	2.4744
10.490	2.4704
10.495	2.4824
10.500	2.4744
10.505	2.4744
10.510	2.4744
10.515	2.4704
10.520	2.4704
10.525	2.4704
10.530	2.4744
10.535	2.4744
10.540	2.4744
10.545	2.4704
10.550	2.4664
10.555	2.4704
10.560	2.4744
10.565	2.4664
10.570	2.4704
10.575	2.4704
10.580	2.4744
10.585	2.4744
10.590	2.4744
10.595	2.4704
10.600	2.4704
10.605	2.4704
10.610	2.4664
10.615	2.4744
10.620	2.4824
10.625	2.4704
10.630	2.4664
10.635	2.4664
10.640	2.4704
10.645	2.4704
10.650	2.4664
10.655	2.4704
10.660	2.4824
10.665	2.4664
10.670	2.4704
10.675	2.4584
10.680	2.4664
10.685	2.4744
10.690	2.4744
10.695	2.4744
10.700	2.4704
10.705	2.4704
10.710	2.4664
10.715	2.4744
10.720	2.4664
10.725	2.4664
10.730	2.4664
10.735	2.4704
10.740	2.4664
10.745	2.4824
10.750	2.4744
10.755	2.4704
10.760	2.4704
10.765	2.4704
10.770	2.4584
10.775	2.4664
10.780	2.4704
10.785	2.4704
10.790	2.4704
10.795	2.4704
10.800	2.4664
10.805	2.4664
10.810	2.4744
10.815	2.4664
10.820	2.4744
10.825	2.4704
10.830	2.4704
10.835	2.4704
10.840	2.4704
10.845	2.4584
10.850	2.4664
10.855	2.4744
10.860	2.4664
10.865	2.4704
10.870	2.4584
10.875	2.4704
10.880	2.4664
10.885	2.4704
10.890	2.4704
10.895	2.4744
10.900	2.4744
10.905	2.4704
10.910	2.4664
10.915	2.4664
10.920	2.4664
10.925	2.4744
10.930	2.4704
10.935	2.4704
10.940	2.4704
10.945	2.4704
10.950	2.4664
10.955	2.4704
10.960	2.4664
10.965	2.4664
10.970	2.4704
10.975	2.4704
10.980	2.4824
10.985	2.4744
10.990	2.4704
10.995	2.4704
11.000	2.4584
11.005	2.4664
11.010	2.4664
11.015	2.4584
11.020	2.4704
11.025	2.4704
11.030	2.4744
11.035	2.4704
11.040	2.4704
11.045	2.4704
11.050	2.4704
11.055	2.4704
11.060	2.4704
11.065	2.4704
11.070	2.4664
11.075	2.4704
11.080	2.4664
11.085	2.4704
11.090	2.4704
11.095	2.4704
11.100	2.4704
11.105	2.4824
11.110	2.4704
11.115	2.4744
11.120	2.4704
11.125	2.4704
11.130	2.4744
11.135	2.4744
11.140	2.4704
11.145	2.4664
11.150	2.4664
11.155	2.4744
11.160	2.4744
11.165	2.4744
11.170	2.4704
11.175	2.4664
11.180	2.4704
11.185	2.4664
11.190	2.4704
11.195	2.4704
11.200	2.4664
11.205	2.4704
11.210	2.4704
11.215	2.4664
11.220	2.4584
11.225	2.4704
11.230	2.4584
11.235	2.4584
11.240	2.4664
11.245	2.4704
11.250	2.4584
11.255	2.4584
11.260	2.4584
11.265	2.4744
11.270	2.4704
11.275	2.4744
11.280	2.4704
11.285	2.4704
11.290	2.4704
11.295	2.4824
11.300	2.4744
11.305	2.4744
11.310	2.4744
11.315	2.4744
11.320	2.4704
11.325	2.4704
11.330	2.4704
11.335	2.4744
11.340	2.4704
11.345	2.4704
11.350	2.4664
11.355	2.4664
11.360	2.4664
11.365	2.4584
11.370	2.4664
11.375	2.4664
11.380	2.4664
11.385	2.4664
11.390	2.4664
11.395	2.4744
11.400	2.4704
11.405	2.4664
11.410	2.4664
11.415	2.4704
11.420	2.4744
11.425	2.4744
11.430	2.4664
11.435	2.4664
11.440	2.4584
11.445	2.4744
11.450	2.4664
11.455	2.4704
11.460	2.4744
11.465	2.4584
11.470	2.4744
11.475	2.4704
11.480	2.4664
11.485	2.4704
11.490	2.4704
11.495	2.4704
11.500	2.4704
11.505	2.4664
11.510	2.4704
11.515	2.4664
11.520	2.4704
11.525	2.4664
11.530	2.4664
11.535	2.4664
11.540	2.4704
11.545	2.4664
11.550	2.4704
11.555	2.4664
11.560	2.4664
11.565	2.4704
11.570	2.4744
11.575	2.4704
11.580	2.4664
11.585	2.4704
11.590	2.4704
11.595	2.4824
11.600	2.4744
11.605	2.4744
11.610	2.4744
11.615	2.4704
11.620	2.4704
11.625	2.4664
11.630	2.4664
11.635	2.4704
11.640	2.4664
11.645	2.4704
11.650	2.4704
11.655	2.4584
11.660	2.4584
11.665	2.4704
11.670	2.4744
11.675	2.4744
11.680	2.4744
11.685	2.4744
11.690	2.4744
11.695	2.4824
11.700	2.4824
11.705	2.4824
11.710	2.4824
11.715	2.4744
11.720	2.4744
11.725	2.4704
11.730	2.4744
11.735	2.4704
11.740	2.4744
11.745	2.4744
11.750	2.4744
11.755	2.4664
11.760	2.4664
11.765	2.4544
11.770	2.4664
11.775	2.4544
11.780	2.4664
11.785	2.4704
11.790	2.4704
11.795	2.4704
11.800	2.4664
11.805	2.4664
11.810	2.4664
11.815	2.4704
11.820	2.4704
11.825	2.4704
11.830	2.4584
11.835	2.4584
11.840	2.4664
11.845	2.4704
11.850	2.4664
11.855	2.4664
11.860	2.4664
11.865	2.4744
11.870	2.4664
11.875	2.4744
11.880	2.4664
11.885	2.4584
11.890	2.4704
11.895	2.4744
11.900	2.4584
11.905	2.4664
11.910	2.4544
11.915	2.4664
11.920	2.4744
11.925	2.4744
11.930	2.4664
11.935	2.4664
11.940	2.4704
11.945	2.4664
11.950	2.4704
11.955	2.4664
11.960	2.4664
11.965	2.4704
11.970	2.4744
11.975	2.4664
11.980	2.4584
11.985	2.4584
11.990	2.4664
11.995	2.4584
12.000	2.4584
12.005	2.4664
12.010	2.4584
12.015	2.4744
12.020	2.4704
12.025	2.4704
12.030	2.4704
12.035	2.4704
12.040	2.4704
12.045	2.4704
12.050	2.4664
12.055	2.4664
12.060	2.4664
12.065	2.4744
12.070	2.4744
12.075	2.4664
12.080	2.4664
12.085	2.4664
12.090	2.4704
12.095	2.4664
12.100	2.4704
12.105	2.4664
12.110	2.4664
12.115	2.4704
12.120	2.4744
12.125	2.4584
12.130	2.4584
12.135	2.4664
12.140	2.4704
12.145	2.4664
12.150	2.4664
12.155	2.4704
12.160	2.4544
12.165	2.4704
12.170	2.4664
12.175	2.4664
12.180	2.4704
12.185	2.4584
12.190	2.4584
12.195	2.4664
12.200	2.4664
12.205	2.4584
12.210	2.4664
12.215	2.4704
12.220	2.4664
12.225	2.4744
12.230	2.4664
12.235	2.4584
12.240	2.4704
12.245	2.4664
12.250	2.4704
12.255	2.4704
12.260	2.4664
12.265	2.4664
12.270	2.4744
12.275	2.4704
12.280	2.4744
12.285	2.4584
12.290	2.4744
12.295	2.4584
12.300	2.4664
12.305	2.4704
12.310	2.4704
12.315	2.4584
12.320	2.4584
12.325	2.4584
12.330	2.4704
12.335	2.4704
12.340	2.4664
12.345	2.4704
12.350	2.4664
12.355	2.4664
12.360	2.4584
12.365	2.4664
12.370	2.4664
12.375	2.4584
12.380	2.4704
12.385	2.4664
12.390	2.4744
12.395	2.4664
12.400	2.4664
12.405	2.4704
12.410	2.4704
12.415	2.4704
12.420	2.4664
12.425	2.4664
12.430	2.4544
12.435	2.4664
12.440	2.4664
12.445	2.4664
12.450	2.4664
12.455	2.4664
12.460	2.4664
12.465	2.4704
12.470	2.4584
12.475	2.4664
12.480	2.4744
12.485	2.4664
12.490	2.4664
12.495	2.4704
12.500	2.4664
12.505	2.4704
12.510	2.4744
12.515	2.4584
12.520	2.4664
12.525	2.4544
12.530	2.4664
12.535	2.4704
12.540	2.4704
12.545	2.4704
12.550	2.4744
12.555	2.4664
12.560	2.4704
12.565	2.4704
12.570	2.4664
12.575	2.4544
12.580	2.4664
12.585	2.4704
12.590	2.4744
12.595	2.4744
12.600	2.4664
12.605	2.4664
12.610	2.4584
12.615	2.4664
12.620	2.4704
12.625	2.4664
12.630	2.4584
12.635	2.4584
12.640	2.4584
12.645	2.4664
12.650	2.4704
12.655	2.4704
12.660	2.4704
12.665	2.4664
12.670	2.4584
12.675	2.4664
12.680	2.4664
12.685	2.4584
12.690	2.4544
12.695	2.4584
12.700	2.4704
12.705	2.4704
12.710	2.4704
12.715	2.4664
12.720	2.4584
12.725	2.4664
12.730	2.4704
12.735	2.4744
12.740	2.4664
12.745	2.4584
12.750	2.4584
12.755	2.4664
12.760	2.4744
12.765	2.4704
12.770	2.4664
12.775	2.4664
12.780	2.4584
12.785	2.4584
12.790	2.4664
12.795	2.4744
12.800	2.4664
12.805	2.4664
12.810	2.4664
12.815	2.4664
12.820	2.4704
12.825	2.4584
12.830	2.4544
12.835	2.4584
12.840	2.4544
12.845	2.4584
12.850	2.4544
12.855	2.4544
12.860	2.4584
12.865	2.4544
12.870	2.4704
12.875	2.4704
12.880	2.4664
12.885	2.4664
12.890	2.4704
12.895	2.4664
12.900	2.4744
12.905	2.4704
12.910	2.4704
12.915	2.4704
12.920	2.4704
12.925	2.4704
12.930	2.4664
12.935	2.4704
12.940	2.4584
12.945	2.4704
12.950	2.4584
12.955	2.4584
12.960	2.4664
12.965	2.4664
12.970	2.4544
12.975	2.4584
12.980	2.4664
12.985	2.4664
12.990	2.4664
12.995	2.4664
13.000	2.4584
13.005	2.4584
13.010	2.4584
13.015	2.4704
13.020	2.4664
13.025	2.4704
13.030	2.4664
13.035	2.4584
13.040	2.4544
13.045	2.4544
13.050	2.4744
13.055	2.4704
13.060	2.4664
13.065	2.4664
13.070	2.4664
13.075	2.4664
13.080	2.4664
13.085	2.4704
13.090	2.4704
13.095	2.4664
13.100	2.4664
13.105	2.4664
13.110	2.4664
13.115	2.4664
13.120	2.4544
13.125	2.4584
13.130	2.4664
13.135	2.4704
13.140	2.4664
13.145	2.4664
13.150	2.4584
13.155	2.4704
13.160	2.4664
13.165	2.4704
13.170	2.4664
13.175	2.4584
13.180	2.4584
13.185	2.4584
13.190	2.4584
13.195	2.4664
13.200	2.4584
13.205	2.4584
13.210	2.4664
13.215	2.4704
13.220	2.4704
13.225	2.4704
13.230	2.4664
13.235	2.4504
13.240	2.4584
13.245	2.4664
13.250	2.4664
13.255	2.4664
13.260	2.4584
13.265	2.4664
13.270	2.4664
13.275	2.4584
13.280	2.4584
13.285	2.4584
13.290	2.4584
13.295	2.4664
13.300	2.4584
13.305	2.4704
13.310	2.4704
13.315	2.4704
13.320	2.4704
13.325	2.4664
13.330	2.4664
13.335	2.4664
13.340	2.4664
13.345	2.4664
13.350	2.4664
13.355	2.4664
13.360	2.4664
13.365	2.4664
13.370	2.4664
13.375	2.4664
13.380	2.4544
13.385	2.4584
13.390	2.4584
13.395	2.4584
13.400	2.4664
13.405	2.4704
13.410	2.4704
13.415	2.4584
13.420	2.4584
13.425	2.4664
13.430	2.4584
13.435	2.4664
13.440	2.4544
13.445	2.4664
13.450	2.4664
13.455	2.4664
13.460	2.4664
13.465	2.4664
13.470	2.4704
13.475	2.4584
13.480	2.4664
13.485	2.4704
13.490	2.4584
13.495	2.4704
13.500	2.4584
13.505	2.4584
13.510	2.4664
13.515	2.4704
13.520	2.4664
13.525	2.4664
13.530	2.4664
13.535	2.4664
13.540	2.4664
13.545	2.4704
13.550	2.4704
13.555	2.4584
13.560	2.4664
13.565	2.4584
13.570	2.4704
13.575	2.4704
13.580	2.4664
13.585	2.4704
13.590	2.4704
13.595	2.4664
13.600	2.4584
13.605	2.4584
13.610	2.4664
13.615	2.4664
13.620	2.4584
13.625	2.4664
13.630	2.4664
13.635	2.4664
13.640	2.4664
13.645	2.4584
13.650	2.4584
13.655	2.4584
13.660	2.4664
13.665	2.4704
13.670	2.4544
13.675	2.4664
13.680	2.4664
13.685	2.4664
13.690	2.4664
13.695	2.4704
13.700	2.4704
13.705	2.4544
13.710	2.4584
13.715	2.4584
13.720	2.4664
13.725	2.4704
13.730	2.4584
13.735	2.4584
13.740	2.4584
13.745	2.4664
13.750	2.4664
13.755	2.4584
13.760	2.4584
13.765	2.4704
13.770	2.4584
13.775	2.4584
13.780	2.4584
13.785	2.4664
13.790	2.4664
13.795	2.4584
13.800	2.4664
13.805	2.4664
13.810	2.4584
13.815	2.4664
13.820	2.4664
13.825	2.4664
13.830	2.4704
13.835	2.4584
13.840	2.4544
13.845	2.4584
13.850	2.4584
13.855	2.4664
13.860	2.4704
13.865	2.4664
13.870	2.4544
13.875	2.4664
13.880	2.4664
13.885	2.4664
13.890	2.4704
13.895	2.4584
13.900	2.4664
13.905	2.4544
13.910	2.4544
13.915	2.4704
13.920	2.4664
13.925	2.4664
13.930	2.4544
13.935	2.4544
13.940	2.4664
13.945	2.4704
13.950	2.4704
13.955	2.4664
13.960	2.4584
13.965	2.4584
13.970	2.4584
13.975	2.4664
13.980	2.4544
13.985	2.4584
13.990	2.4664
13.995	2.4664
14.000	2.4544
14.005	2.4664
14.010	2.4584
14.015	2.4664
14.020	2.4664
14.025	2.4584
14.030	2.4584
14.035	2.4664
14.040	2.4704
14.045	2.4664
14.050	2.4584
14.055	2.4544
14.060	2.4584
14.065	2.4664
14.070	2.4704
14.075	2.4704
14.080	2.4544
14.085	2.4584
14.090	2.4584
14.095	2.4704
14.100	2.4664
14.105	2.4544
14.110	2.4544
14.115	2.4664
14.120	2.4664
14.125	2.4704
14.130	2.4664
14.135	2.4544
14.140	2.4584
14.145	2.4664
14.150	2.4664
14.155	2.4664
14.160	2.4664
14.165	2.4544
14.170	2.4584
14.175	2.4664
14.180	2.4664
14.185	2.4664
14.190	2.4664
14.195	2.4664
14.200	2.4704
14.205	2.4704
14.210	2.4584
14.215	2.4464
14.220	2.4584
14.225	2.4704
14.230	2.4664
14.235	2.4664
14.240	2.4584
14.245	2.4584
14.250	2.4664
14.255	2.4584
14.260	2.4584
14.265	2.4584
14.270	2.4584
14.275	2.4584
14.280	2.4664
14.285	2.4704
14.290	2.4664
14.295	2.4584
14.300	2.4584
14.305	2.4664
14.310	2.4584
14.315	2.4704
14.320	2.4664
14.325	2.4584
14.330	2.4664
14.335	2.4584
14.340	2.4704
14.345	2.4664
14.350	2.4584
14.355	2.4544
14.360	2.4584
14.365	2.4704
14.370	2.4664
14.375	2.4544
14.380	2.4704
14.385	2.4584
14.390	2.4584
14.395	2.4744
14.400	2.4664
14.405	2.4664
14.410	2.4584
14.415	2.4704
14.420	2.4664
14.425	2.4664
14.430	2.4664
14.435	2.4584
14.440	2.4504
14.445	2.4584
14.450	2.4504
14.455	2.4544
14.460	2.4664
14.465	2.4704
14.470	2.4584
14.475	2.4664
14.480	2.4584
14.485	2.4664
14.490	2.4584
14.495	2.4584
14.500	2.4584
14.505	2.4664
14.510	2.4664
14.515	2.4664
14.520	2.4584
14.525	2.4584
14.530	2.4584
14.535	2.4584
14.540	2.4544
14.545	2.4704
14.550	2.4664
14.555	2.4704
14.560	2.4664
14.565	2.4704
14.570	2.4584
14.575	2.4584
14.580	2.4584
14.585	2.4544
14.590	2.4584
14.595	2.4664
14.600	2.4544
14.605	2.4544
14.610	2.4664
14.615	2.4664
14.620	2.4664
14.625	2.4584
14.630	2.4584
14.635	2.4504
14.640	2.4544
14.645	2.4584
14.650	2.4584
14.655	2.4584
14.660	2.4544
14.665	2.4584
14.670	2.4544
14.675	2.4664
14.680	2.4584
14.685	2.4584
14.690	2.4664
14.695	2.4584
14.700	2.4584
14.705	2.4544
14.710	2.4664
14.715	2.4704
14.720	2.4664
14.725	2.4584
14.730	2.4664
14.735	2.4664
14.740	2.4584
14.745	2.4584
14.750	2.4584
14.755	2.4704
14.760	2.4584
14.765	2.4544
14.770	2.4544
14.775	2.4544
14.780	2.4664
14.785	2.4584
14.790	2.4664
14.795	2.4704
14.800	2.4664
14.805	2.4704
14.810	2.4664
14.815	2.4664
14.820	2.4664
14.825	2.4704
14.830	2.4664
14.835	2.4664
14.840	2.4584
14.845	2.4544
14.850	2.4544
14.855	2.4504
14.860	2.4584
14.865	2.4544
14.870	2.4584
14.875	2.4504
14.880	2.4584
14.885	2.4504
14.890	2.4664
14.895	2.4584
14.900	2.4664
14.905	2.4544
14.910	2.4664
14.915	2.4584
14.920	2.4664
14.925	2.4664
14.930	2.4704
14.935	2.4664
14.940	2.4664
14.945	2.4664
14.950	2.4584
14.955	2.4584
14.960	2.4584
14.965	2.4584
14.970	2.4584
14.975	2.4664
14.980	2.4664
14.985	2.4584
14.990	2.4544
14.995	2.4504
15.000	2.4664
15.005	2.4664
15.010	2.4544
15.015	2.4544
15.020	2.4504
15.025	2.4544
15.030	2.4704
15.035	2.4584
15.040	2.4584
15.045	2.4544
15.050	2.4544
15.055	2.4664
15.060	2.4584
15.065	2.4584
15.070	2.4664
15.075	2.4584
15.080	2.4584
15.085	2.4584
15.090	2.4584
15.095	2.4544
15.100	2.4544
15.105	2.4584
15.110	2.4664
15.115	2.4664
15.120	2.4544
15.125	2.4664
15.130	2.4664
15.135	2.4544
15.140	2.4584
15.145	2.4664
15.150	2.4664
15.155	2.4544
15.160	2.4584
15.165	2.4544
15.170	2.4584
15.175	2.4664
15.180	2.4664
15.185	2.4664
15.190	2.4584
15.195	2.4584
15.200	2.4544
15.205	2.4584
15.210	2.4544
15.215	2.4584
15.220	2.4664
15.225	2.4584
15.230	2.4664
15.235	2.4664
15.240	2.4504
15.245	2.4584
15.250	2.4584
15.255	2.4584
15.260	2.4544
15.265	2.4584
15.270	2.4584
15.275	2.4664
15.280	2.4544
15.285	2.4584
15.290	2.4544
15.295	2.4664
15.300	2.4664
15.305	2.4704
15.310	2.4584
15.315	2.4584
15.320	2.4544
15.325	2.4544
15.330	2.4584
15.335	2.4584
15.340	2.4584
15.345	2.4584
15.350	2.4504
15.355	2.4584
15.360	2.4504
15.365	2.4584
15.370	2.4664
15.375	2.4704
15.380	2.4664
15.385	2.4584
15.390	2.4544
15.395	2.4544
15.400	2.4504
15.405	2.4664
15.410	2.4584
15.415	2.4584
15.420	2.4584
15.425	2.4544
15.430	2.4584
15.435	2.4504
15.440	2.4544
15.445	2.4584
15.450	2.4584
15.455	2.4664
15.460	2.4664
15.465	2.4664
15.470	2.4504
15.475	2.4544
15.480	2.4584
15.485	2.4584
15.490	2.4664
15.495	2.4544
15.500	2.4544
15.505	2.4584
15.510	2.4584
15.515	2.4664
15.520	2.4584
15.525	2.4504
15.530	2.4584
15.535	2.4584
15.540	2.4584
15.545	2.4584
15.550	2.4584
15.555	2.4584
15.560	2.4664
15.565	2.4664
15.570	2.4584
15.575	2.4504
15.580	2.4584
15.585	2.4664
15.590	2.4664
15.595	2.4544
15.600	2.4584
15.605	2.4544
15.610	2.4584
15.615	2.4664
15.620	2.4584
15.625	2.4584
15.630	2.4664
15.635	2.4664
15.640	2.4544
15.645	2.4544
15.650	2.4584
15.655	2.4664
15.660	2.4584
15.665	2.4664
15.670	2.4584
15.675	2.4544
15.680	2.4664
15.685	2.4664
15.690	2.4664
15.695	2.4584
15.700	2.4664
15.705	2.4584
15.710	2.4664
15.715	2.4664
15.720	2.4664
15.725	2.4664
15.730	2.4664
15.735	2.4584
15.740	2.4584
15.745	2.4584
15.750	2.4584
15.755	2.4544
15.760	2.4704
15.765	2.4584
15.770	2.4544
15.775	2.4664
15.780	2.4544
15.785	2.4584
15.790	2.4584
15.795	2.4664
15.800	2.4664
15.805	2.4544
15.810	2.4544
15.815	2.4664
15.820	2.4664
15.825	2.4584
15.830	2.4504
15.835	2.4544
15.840	2.4584
15.845	2.4664
15.850	2.4704
15.855	2.4544
15.860	2.4584
15.865	2.4544
15.870	2.4584
15.875	2.4584
15.880	2.4504
15.885	2.4664
15.890	2.4584
15.895	2.4664
15.900	2.4544
15.905	2.4544
15.910	2.4584
15.915	2.4664
15.920	2.4584
15.925	2.4664
15.930	2.4584
15.935	2.4584
15.940	2.4584
15.945	2.4584
15.950	2.4544
15.955	2.4544
15.960	2.4584
15.965	2.4584
15.970	2.4664
15.975	2.4584
15.980	2.4544
15.985	2.4544
15.990	2.4584
15.995	2.4664
16.000	2.4664
16.005	2.4664
16.010	2.4584
16.015	2.4584
16.020	2.4544
16.025	2.4544
16.030	2.4544
16.035	2.4584
16.040	2.4584
16.045	2.4584
16.050	2.4544
16.055	2.4584
16.060	2.4544
16.065	2.4544
16.070	2.4504
16.075	2.4544
16.080	2.4504
16.085	2.4544
16.090	2.4544
16.095	2.4544
16.100	2.4544
16.105	2.4504
16.110	2.4504
16.115	2.4544
16.120	2.4584
16.125	2.4544
16.130	2.4584
16.135	2.4584
16.140	2.4704
16.145	2.4584
16.150	2.4584
16.155	2.4544
16.160	2.4584
16.165	2.4584
16.170	2.4584
16.175	2.4664
16.180	2.4584
16.185	2.4544
16.190	2.4544
16.195	2.4544
16.200	2.4584
16.205	2.4584
16.210	2.4584
16.215	2.4584
16.220	2.4544
16.225	2.4504
16.230	2.4544
16.235	2.4664
16.240	2.4544
16.245	2.4584
16.250	2.4664
16.255	2.4664
16.260	2.4584
16.265	2.4504
16.270	2.4664
16.275	2.4664
16.280	2.4664
16.285	2.4584
16.290	2.4664
16.295	2.4544
16.300	2.4544
16.305	2.4664
16.310	2.4584
16.315	2.4544
16.320	2.4504
16.325	2.4544
16.330	2.4664
16.335	2.4664
16.340	2.4584
16.345	2.4544
16.350	2.4464
16.355	2.4584
16.360	2.4544
16.365	2.4664
16.370	2.4544
16.375	2.4664
16.380	2.4584
16.385	2.4584
16.390	2.4544
16.395	2.4664
16.400	2.4664
16.405	2.4704
16.410	2.4664
16.415	2.4584
16.420	2.4664
16.425	2.4584
16.430	2.4584
16.435	2.4584
16.440	2.4584
16.445	2.4584
16.450	2.4544
16.455	2.4504
16.460	2.4544
16.465	2.4504
16.470	2.4544
16.475	2.4504
16.480	2.4584
16.485	2.4544
16.490	2.4544
16.495	2.4544
16.500	2.4664
16.505	2.4544
16.510	2.4664
16.515	2.4584
16.520	2.4584
16.525	2.4584
16.530	2.4664
16.535	2.4704
16.540	2.4664
16.545	2.4664
16.550	2.4584
16.555	2.4664
16.560	2.4584
16.565	2.4584
16.570	2.4664
16.575	2.4664
16.580	2.4584
16.585	2.4544
16.590	2.4504
16.595	2.4584
16.600	2.4544
16.605	2.4584
16.610	2.4584
16.615	2.4584
16.620	2.4504
16.625	2.4504
16.630	2.4664
16.635	2.4584
16.640	2.4664
16.645	2.4664
16.650	2.4584
16.655	2.4584
16.660	2.4584
16.665	2.4664
16.670	2.4584
16.675	2.4584
16.680	2.4544
16.685	2.4584
16.690	2.4584
16.695	2.4664
16.700	2.4584
16.705	2.4544
16.710	2.4504
16.715	2.4544
16.720	2.4544
16.725	2.4504
16.730	2.4544
16.735	2.4544
16.740	2.4584
16.745	2.4664
16.750	2.4584
16.755	2.4584
16.760	2.4544
16.765	2.4584
16.770	2.4584
16.775	2.4504
16.780	2.4584
16.785	2.4544
16.790	2.4504
16.795	2.4664
16.800	2.4504
16.805	2.4584
16.810	2.4584
16.815	2.4584
16.820	2.4584
16.825	2.4504
16.830	2.4664
16.835	2.4584
16.840	2.4584
16.845	2.4584
16.850	2.4544
16.855	2.4584
16.860	2.4664
16.865	2.4704
16.870	2.4584
16.875	2.4584
16.880	2.4584
16.885	2.4544
16.890	2.4664
16.895	2.4584
16.900	2.4504
16.905	2.4544
16.910	2.4664
16.915	2.4584
16.920	2.4544
16.925	2.4584
16.930	2.4544
16.935	2.4504
16.940	2.4664
16.945	2.4544
16.950	2.4544
16.955	2.4664
16.960	2.4584
16.965	2.4664
16.970	2.4544
16.975	2.4544
16.980	2.4544
16.985	2.4584
16.990	2.4664
16.995	2.4664
17.000	2.4584
17.005	2.4544
17.010	2.4664
17.015	2.4664
17.020	2.4664
17.025	2.4504
17.030	2.4544
17.035	2.4504
17.040	2.4664
17.045	2.4584
17.050	2.4544
17.055	2.4544
17.060	2.4584
17.065	2.4584
17.070	2.4664
17.075	2.4664
17.080	2.4504
17.085	2.4504
17.090	2.4584
17.095	2.4664
17.100	2.4664
17.105	2.4544
17.110	2.4584
17.115	2.4544
17.120	2.4584
17.125	2.4664
17.130	2.4584
17.135	2.4664
17.140	2.4584
17.145	2.4664
17.150	2.4584
17.155	2.4544
17.160	2.4664
17.165	2.4664
17.170	2.4584
17.175	2.4504
17.180	2.4584
17.185	2.4584
17.190	2.4584
17.195	2.4544
17.200	2.4584
17.205	2.4544
17.210	2.4544
17.215	2.4544
17.220	2.4584
17.225	2.4544
17.230	2.4544
17.235	2.4584
17.240	2.4584
17.245	2.4584
17.250	2.4584
17.255	2.4584
17.260	2.4584
17.265	2.4544
17.270	2.4544
17.275	2.4544
17.280	2.4664
17.285	2.4664
17.290	2.4584
17.295	2.4504
17.300	2.4584
17.305	2.4504
17.310	2.4704
17.315	2.4504
17.320	2.4544
17.325	2.4544
17.330	2.4544
17.335	2.4584
17.340	2.4584
17.345	2.4544
17.350	2.4584
17.355	2.4544
17.360	2.4544
17.365	2.4584
17.370	2.4544
17.375	2.4704
17.380	2.4544
17.385	2.4584
17.390	2.4584
17.395	2.4664
17.400	2.4584
17.405	2.4584
17.410	2.4664
17.415	2.4584
17.420	2.4544
17.425	2.4584
17.430	2.4584
17.435	2.4504
17.440	2.4544
17.445	2.4584
17.450	2.4664
17.455	2.4584
17.460	2.4584
17.465	2.4584
17.470	2.4544
17.475	2.4584
17.480	2.4504
17.485	2.4584
17.490	2.4584
17.495	2.4584
17.500	2.4544
17.505	2.4544
17.510	2.4584
17.515	2.4664
17.520	2.4664
17.525	2.4584
17.530	2.4504
17.535	2.4544
17.540	2.4664
17.545	2.4664
17.550	2.4584
17.555	2.4544
17.560	2.4664
17.565	2.4664
17.570	2.4584
17.575	2.4584
17.580	2.4584
17.585	2.4544
17.590	2.4544
17.595	2.4584
17.600	2.4664
17.605	2.4664
17.610	2.4704
17.615	2.4704
17.620	2.4704
17.625	2.4664
17.630	2.4664
17.635	2.4664
17.640	2.4664
17.645	2.4584
17.650	2.4584
17.655	2.4584
17.660	2.4544
17.665	2.4504
17.670	2.4584
17.675	2.4544
17.680	2.4504
17.685	2.4584
17.690	2.4584
17.695	2.4544
17.700	2.4584
17.705	2.4504
17.710	2.4584
17.715	2.4584
17.720	2.4664
17.725	2.4584
17.730	2.4664
17.735	2.4664
17.740	2.4584
17.745	2.4664
17.750	2.4664
17.755	2.4664
17.760	2.4664
17.765	2.4664
17.770	2.4584
17.775	2.4664
17.780	2.4544
17.785	2.4584
17.790	2.4584
17.795	2.4664
17.800	2.4664
17.805	2.4544
17.810	2.4544
17.815	2.4704
17.820	2.4584
17.825	2.4544
17.830	2.4504
17.835	2.4504
17.840	2.4544
17.845	2.4664
17.850	2.4664
17.855	2.4584
17.860	2.4504
17.865	2.4544
17.870	2.4584
17.875	2.4584
17.880	2.4664
17.885	2.4584
17.890	2.4584
17.895	2.4584
17.900	2.4584
17.905	2.4504
17.910	2.4664
17.915	2.4584
17.920	2.4584
17.925	2.4664
17.930	2.4544
17.935	2.4544
17.940	2.4584
17.945	2.4664
17.950	2.4584
17.955	2.4544
17.960	2.4504
17.965	2.4544
17.970	2.4584
17.975	2.4544
17.980	2.4504
17.985	2.4544
17.990	2.4544
17.995	2.4544
18.000	2.4664
18.005	2.4584
18.010	2.4664
18.015	2.4664
18.020	2.4704
18.025	2.4664
18.030	2.4664
18.035	2.4584
18.040	2.4664
18.045	2.4664
18.050	2.4664
18.055	2.4584
18.060	2.4584
18.065	2.4544
18.070	2.4544
18.075	2.4504
18.080	2.4504
18.085	2.4504
18.090	2.4544
18.095	2.4504
18.100	2.4504
18.105	2.4504
18.110	2.4544
18.115	2.4544
18.120	2.4584
18.125	2.4584
18.130	2.4584
18.135	2.4664
18.140	2.4704
18.145	2.4664
18.150	2.4704
18.155	2.4664
18.160	2.4664
18.165	2.4584
18.170	2.4584
18.175	2.4584
18.180	2.4544
18.185	2.4544
18.190	2.4584
18.195	2.4544
18.200	2.4584
18.205	2.4584
18.210	2.4544
18.215	2.4504
18.220	2.4584
18.225	2.4664
18.230	2.4664
18.235	2.4584
18.240	2.4544
18.245	2.4544
18.250	2.4544
18.255	2.4544
18.260	2.4584
18.265	2.4504
18.270	2.4504
18.275	2.4544
18.280	2.4664
18.285	2.4584
18.290	2.4544
18.295	2.4544
18.300	2.4584
18.305	2.4544
18.310	2.4584
18.315	2.4584
18.320	2.4584
18.325	2.4544
18.330	2.4584
18.335	2.4544
18.340	2.4544
18.345	2.4584
18.350	2.4584
18.355	2.4664
18.360	2.4504
18.365	2.4544
18.370	2.4584
18.375	2.4664
18.380	2.4584
18.385	2.4544
18.390	2.4584
18.395	2.4664
18.400	2.4504
18.405	2.4664
18.410	2.4544
18.415	2.4584
18.420	2.4584
18.425	2.4584
18.430	2.4584
18.435	2.4544
18.440	2.4544
18.445	2.4464
18.450	2.4584
18.455	2.4584
18.460	2.4544
18.465	2.4584
18.470	2.4584
18.475	2.4504
18.480	2.4664
18.485	2.4584
18.490	2.4504
18.495	2.4544
18.500	2.4504
18.505	2.4544
18.510	2.4544
18.515	2.4544
18.520	2.4584
18.525	2.4504
18.530	2.4464
18.535	2.4544
18.540	2.4544
18.545	2.4664
18.550	2.4544
18.555	2.4544
18.560	2.4544
18.565	2.4664
18.570	2.4664
18.575	2.4664
18.580	2.4544
18.585	2.4544
18.590	2.4544
18.595	2.4544
18.600	2.4664
18.605	2.4584
18.610	2.4504
18.615	2.4544
18.620	2.4664
18.625	2.4504
18.630	2.4584
18.635	2.4504
18.640	2.4544
18.645	2.4544
18.650	2.4544
18.655	2.4544
18.660	2.4544
18.665	2.4664
18.670	2.4544
18.675	2.4584
18.680	2.4544
18.685	2.4544
18.690	2.4544
18.695	2.4544
18.700	2.4544
18.705	2.4584
18.710	2.4544
18.715	2.4544
18.720	2.4544
18.725	2.4664
18.730	2.4584
18.735	2.4584
18.740	2.4544
18.745	2.4544
18.750	2.4584
18.755	2.4584
18.760	2.4584
18.765	2.4504
18.770	2.4544
18.775	2.4544
18.780	2.4664
18.785	2.4584
18.790	2.4504
18.795	2.4504
18.800	2.4584
18.805	2.4584
18.810	2.4584
18.815	2.4544
18.820	2.4584
18.825	2.4544
18.830	2.4584
18.835	2.4664
18.840	2.4584
18.845	2.4584
18.850	2.4664
18.855	2.4584
18.860	2.4584
18.865	2.4544
18.870	2.4584
18.875	2.4464
18.880	2.4544
18.885	2.4584
18.890	2.4664
18.895	2.4584
18.900	2.4584
18.905	2.4584
18.910	2.4584
18.915	2.4584
18.920	2.4544
18.925	2.4544
18.930	2.4504
18.935	2.4544
18.940	2.4544
18.945	2.4544
18.950	2.4544
18.955	2.4584
18.960	2.4584
18.965	2.4584
18.970	2.4544
18.975	2.4504
18.980	2.4544
18.985	2.4544
18.990	2.4544
18.995	2.4584
19.000	2.4584
19.005	2.4584
19.010	2.4664
19.015	2.4584
19.020	2.4504
19.025	2.4544
19.030	2.4544
19.035	2.4664
19.040	2.4584
19.045	2.4504
19.050	2.4544
19.055	2.4664
19.060	2.4544
19.065	2.4584
19.070	2.4504
19.075	2.4544
19.080	2.4544
19.085	2.4584
19.090	2.4584
19.095	2.4584
19.100	2.4544
19.105	2.4544
19.110	2.4504
19.115	2.4544
19.120	2.4664
19.125	2.4544
19.130	2.4544
19.135	2.4544
19.140	2.4584
19.145	2.4664
19.150	2.4584
19.155	2.4464
19.160	2.4544
19.165	2.4544
19.170	2.4584
19.175	2.4544
19.180	2.4584
19.185	2.4544
19.190	2.4504
19.195	2.4664
19.200	2.4544
19.205	2.4544
19.210	2.4584
19.215	2.4664
19.220	2.4664
19.225	2.4664
19.230	2.4544
19.235	2.4544
19.240	2.4544
19.245	2.4544
19.250	2.4544
19.255	2.4584
19.260	2.4664
19.265	2.4584
19.270	2.4544
19.275	2.4504
19.280	2.4584
19.285	2.4584
19.290	2.4464
19.295	2.4584
19.300	2.4584
19.305	2.4584
19.310	2.4504
19.315	2.4544
19.320	2.4584
19.325	2.4584
19.330	2.4584
19.335	2.4584
19.340	2.4584
19.345	2.4544
19.350	2.4664
19.355	2.4584
19.360	2.4584
19.365	2.4584
19.370	2.4584
19.375	2.4504
19.380	2.4544
19.385	2.4544
19.390	2.4584
19.395	2.4584
19.400	2.4544
19.405	2.4584
19.410	2.4584
19.415	2.4584
19.420	2.4544
19.425	2.4544
19.430	2.4464
19.435	2.4544
19.440	2.4504
19.445	2.4504
19.450	2.4664
19.455	2.4584
19.460	2.4504
19.465	2.4584
19.470	2.4584
19.475	2.4584
19.480	2.4544
19.485	2.4544
19.490	2.4544
19.495	2.4664
19.500	2.4664
19.505	2.4584
19.510	2.4504
19.515	2.4544
19.520	2.4584
19.525	2.4584
19.530	2.4664
19.535	2.4544
19.540	2.4544
19.545	2.4584
19.550	2.4584
19.555	2.4544
19.560	2.4544
19.565	2.4544
19.570	2.4584
19.575	2.4584
19.580	2.4664
19.585	2.4504
19.590	2.4584
19.595	2.4584
19.600	2.4504
19.605	2.4664
19.610	2.4584
19.615	2.4664
19.620	2.4664
19.625	2.4664
19.630	2.4704
19.635	2.4664
19.640	2.4664
19.645	2.4584
19.650	2.4584
19.655	2.4584
19.660	2.4584
19.665	2.4544
19.670	2.4584
19.675	2.4504
19.680	2.4464
19.685	2.4464
19.690	2.4544
19.695	2.4464
19.700	2.4544
19.705	2.4544
19.710	2.4544
19.715	2.4584
19.720	2.4504
19.725	2.4584
19.730	2.4544
19.735	2.4584
19.740	2.4544
19.745	2.4664
19.750	2.4584
19.755	2.4664
19.760	2.4544
19.765	2.4584
19.770	2.4584
19.775	2.4544
19.780	2.4544
19.785	2.4704
19.790	2.4504
19.795	2.4544
19.800	2.4584
19.805	2.4544
19.810	2.4544
19.815	2.4544
19.820	2.4544
19.825	2.4544
19.830	2.4584
19.835	2.4584
19.840	2.4544
19.845	2.4544
19.850	2.4584
19.855	2.4664
19.860	2.4504
19.865	2.4504
19.870	2.4544
19.875	2.4584
19.880	2.4584
19.885	2.4584
19.890	2.4544
19.895	2.4464
19.900	2.4544
19.905	2.4664
19.910	2.4584
19.915	2.4664
19.920	2.4504
19.925	2.4584
19.930	2.4584
19.935	2.4584
19.940	2.4584
19.945	2.4664
19.950	2.4504
19.955	2.4504
19.960	2.4584
19.965	2.4664
19.970	2.4544
19.975	2.4584
19.980	2.4544
19.985	2.4544
19.990	2.4584
19.995	2.4544
20.000	2.4544
20.005	2.4544
20.010	2.4584
20.015	2.4664
20.020	2.4584
20.025	2.4504
20.030	2.4504
20.035	2.4584
20.040	2.4544
20.045	2.4544
20.050	2.4464
20.055	2.4584
20.060	2.4544
20.065	2.4504
20.070	2.4544
20.075	2.4464
20.080	2.4504
20.085	2.4544
20.090	2.4584
20.095	2.4664
20.100	2.4584
20.105	2.4544
20.110	2.4544
20.115	2.4544
20.120	2.4544
20.125	2.4584
20.130	2.4544
20.135	2.4544
20.140	2.4464
20.145	2.4584
20.150	2.4544
20.155	2.4584
20.160	2.4464
20.165	2.4584
20.170	2.4584
20.175	2.4584
20.180	2.4584
20.185	2.4584
20.190	2.4544
20.195	2.4544
20.200	2.4544
20.205	2.4664
20.210	2.4584
20.215	2.4504
20.220	2.4544
20.225	2.4584
20.230	2.4504
20.235	2.4544
20.240	2.4544
20.245	2.4584
20.250	2.4664
20.255	2.4584
20.260	2.4544
20.265	2.4584
20.270	2.4584
20.275	2.4664
20.280	2.4584
20.285	2.4664
20.290	2.4504
20.295	2.4584
20.300	2.4584
20.305	2.4584
20.310	2.4504
20.315	2.4544
20.320	2.4584
20.325	2.4664
20.330	2.4584
20.335	2.4504
20.340	2.4544
20.345	2.4464
20.350	2.4584
20.355	2.4664
20.360	2.4584
20.365	2.4664
20.370	2.4544
20.375	2.4544
20.380	2.4584
20.385	2.4544
20.390	2.4544
20.395	2.4504
20.400	2.4544
20.405	2.4584
20.410	2.4664
20.415	2.4544
20.420	2.4584
20.425	2.4664
20.430	2.4464
20.435	2.4544
20.440	2.4544
20.445	2.4584
20.450	2.4584
20.455	2.4584
20.460	2.4544
20.465	2.4584
20.470	2.4544
20.475	2.4664
20.480	2.4544
20.485	2.4544
20.490	2.4664
20.495	2.4544
20.500	2.4464
20.505	2.4664
20.510	2.4584
20.515	2.4584
20.520	2.4584
20.525	2.4544
20.530	2.4544
20.535	2.4584
20.540	2.4584
20.545	2.4584
20.550	2.4544
20.555	2.4544
20.560	2.4544
20.565	2.4544
20.570	2.4584
20.575	2.4544
20.580	2.4544
20.585	2.4544
20.590	2.4544
20.595	2.4584
20.600	2.4544
20.605	2.4544
20.610	2.4544
20.615	2.4504
20.620	2.4664
20.625	2.4584
20.630	2.4584
20.635	2.4544
20.640	2.4544
20.645	2.4584
20.650	2.4664
20.655	2.4584
20.660	2.4464
20.665	2.4584
20.670	2.4584
20.675	2.4584
20.680	2.4584
20.685	2.4504
20.690	2.4504
20.695	2.4584
20.700	2.4664
20.705	2.4584
20.710	2.4504
20.715	2.4544
20.720	2.4504
20.725	2.4664
20.730	2.4584
20.735	2.4504
20.740	2.4544
20.745	2.4504
20.750	2.4544
20.755	2.4584
20.760	2.4664
20.765	2.4544
20.770	2.4584
20.775	2.4504
20.780	2.4544
20.785	2.4584
20.790	2.4584
20.795	2.4584
20.800	2.4504
20.805	2.4584
20.810	2.4544
20.815	2.4584
20.820	2.4544
20.825	2.4544
20.830	2.4584
20.835	2.4664
20.840	2.4664
20.845	2.4544
20.850	2.4544
20.855	2.4584
20.860	2.4544
20.865	2.4584
20.870	2.4584
20.875	2.4584
20.880	2.4584
20.885	2.4544
20.890	2.4664
20.895	2.4544
20.900	2.4544
20.905	2.4544
20.910	2.4544
20.915	2.4584
20.920	2.4544
20.925	2.4544
20.930	2.4504
20.935	2.4504
20.940	2.4544
20.945	2.4544
20.950	2.4504
20.955	2.4584
20.960	2.4544
20.965	2.4664
20.970	2.4664
20.975	2.4584
20.980	2.4584
20.985	2.4544
20.990	2.4584
20.995	2.4504
21.000	2.4544
21.005	2.4664
21.010	2.4664
21.015	2.4584
21.020	2.4464
21.025	2.4504
21.030	2.4544
21.035	2.4544
21.040	2.4544
21.045	2.4544
21.050	2.4584
21.055	2.4584
21.060	2.4664
21.065	2.4584
21.070	2.4584
21.075	2.4584
21.080	2.4664
21.085	2.4664
21.090	2.4584
21.095	2.4544
21.100	2.4464
21.105	2.4584
21.110	2.4584
21.115	2.4664
21.120	2.4544
21.125	2.4584
21.130	2.4544
21.135	2.4664
21.140	2.4544
21.145	2.4544
21.150	2.4544
21.155	2.4544
21.160	2.4664
21.165	2.4544
21.170	2.4504
21.175	2.4544
21.180	2.4544
21.185	2.4584
21.190	2.4584
21.195	2.4504
21.200	2.4544
21.205	2.4584
21.210	2.4584
21.215	2.4544
21.220	2.4584
21.225	2.4584
21.230	2.4664
21.235	2.4664
21.240	2.4664
21.245	2.4584
21.250	2.4544
21.255	2.4544
21.260	2.4584
21.265	2.4584
21.270	2.4584
21.275	2.4544
21.280	2.4584
21.285	2.4504
21.290	2.4584
21.295	2.4464
21.300	2.4504
21.305	2.4504
21.310	2.4544
21.315	2.4504
21.320	2.4544
21.325	2.4504
21.330	2.4664
21.335	2.4504
21.340	2.4504
21.345	2.4504
21.350	2.4664
21.355	2.4544
21.360	2.4664
21.365	2.4664
21.370	2.4664
21.375	2.4664
21.380	2.4664
21.385	2.4584
21.390	2.4704
21.395	2.4584
21.400	2.4584
21.405	2.4544
21.410	2.4504
21.415	2.4544
21.420	2.4544
21.425	2.4584
21.430	2.4544
21.435	2.4504
21.440	2.4544
21.445	2.4584
21.450	2.4504
21.455	2.4584
21.460	2.4584
21.465	2.4584
21.470	2.4504
21.475	2.4544
21.480	2.4504
21.485	2.4664
21.490	2.4584
21.495	2.4504
21.500	2.4504
21.505	2.4584
21.510	2.4584
21.515	2.4544
21.520	2.4544
21.525	2.4584
21.530	2.4584
21.535	2.4584
21.540	2.4504
21.545	2.4584
21.550	2.4584
21.555	2.4584
21.560	2.4544
21.565	2.4544
21.570	2.4464
21.575	2.4544
21.580	2.4544
21.585	2.4584
21.590	2.4584
21.595	2.4544
21.600	2.4584
21.605	2.4544
21.610	2.4544
21.615	2.4544
21.620	2.4544
21.625	2.4544
21.630	2.4664
21.635	2.4664
21.640	2.4544
21.645	2.4464
21.650	2.4584
21.655	2.4584
21.660	2.4544
21.665	2.4584
21.670	2.4504
21.675	2.4544
21.680	2.4664
21.685	2.4584
21.690	2.4504
21.695	2.4544
21.700	2.4584
21.705	2.4584
21.710	2.4664
21.715	2.4504
21.720	2.4504
21.725	2.4584
21.730	2.4584
21.735	2.4544
21.740	2.4584
21.745	2.4544
21.750	2.4544
21.755	2.4584
21.760	2.4504
21.765	2.4544
21.770	2.4584
21.775	2.4544
21.780	2.4584
21.785	2.4504
21.790	2.4544
21.795	2.4584
21.800	2.4584
21.805	2.4664
21.810	2.4504
21.815	2.4464
21.820	2.4584
21.825	2.4664
21.830	2.4584
21.835	2.4544
21.840	2.4584
21.845	2.4664
21.850	2.4584
21.855	2.4584
21.860	2.4504
21.865	2.4584
21.870	2.4544
21.875	2.4544
21.880	2.4544
21.885	2.4504
21.890	2.4544
21.895	2.4584
21.900	2.4664
21.905	2.4504
21.910	2.4504
21.915	2.4544
21.920	2.4544
21.925	2.4584
21.930	2.4664
21.935	2.4584
21.940	2.4504
21.945	2.4544
21.950	2.4544
21.955	2.4464
21.960	2.4544
21.965	2.4584
21.970	2.4544
21.975	2.4664
21.980	2.4544
21.985	2.4584
21.990	2.4584
21.995	2.4544
22.000	2.4544
22.005	2.4584
22.010	2.4664
22.015	2.4544
22.020	2.4584
22.025	2.4504
22.030	2.4544
22.035	2.4544
22.040	2.4664
22.045	2.4584
22.050	2.4504
22.055	2.4584
22.060	2.4664
22.065	2.4584
22.070	2.4584
22.075	2.4664
22.080	2.4544
22.085	2.4544
22.090	2.4544
22.095	2.4504
22.100	2.4544
22.105	2.4544
22.110	2.4464
22.115	2.4544
22.120	2.4544
22.125	2.4584
22.130	2.4464
22.135	2.4544
22.140	2.4584
22.145	2.4544
22.150	2.4664
22.155	2.4584
22.160	2.4544
22.165	2.4584
22.170	2.4544
22.175	2.4504
22.180	2.4584
22.185	2.4544
22.190	2.4544
22.195	2.4544
22.200	2.4584
22.205	2.4584
22.210	2.4544
22.215	2.4544
22.220	2.4584
22.225	2.4584
22.230	2.4584
22.235	2.4544
22.240	2.4584
22.245	2.4664
22.250	2.4664
22.255	2.4504
22.260	2.4544
22.265	2.4544
22.270	2.4584
22.275	2.4544
22.280	2.4504
22.285	2.4584
22.290	2.4544
22.295	2.4504
22.300	2.4584
22.305	2.4664
22.310	2.4544
22.315	2.4544
22.320	2.4584
22.325	2.4544
22.330	2.4504
22.335	2.4504
22.340	2.4544
22.345	2.4584
22.350	2.4504
22.355	2.4664
22.360	2.4584
22.365	2.4584
22.370	2.4584
22.375	2.4544
22.380	2.4584
22.385	2.4584
22.390	2.4504
22.395	2.4504
22.400	2.4584
22.405	2.4544
22.410	2.4544
22.415	2.4584
22.420	2.4544
22.425	2.4664
22.430	2.4544
22.435	2.4664
22.440	2.4584
22.445	2.4664
22.450	2.4584
22.455	2.4584
22.460	2.4664
22.465	2.4584
22.470	2.4704
22.475	2.4544
22.480	2.4584
22.485	2.4584
22.490	2.4544
22.495	2.4504
22.500	2.4584
22.505	2.4544
22.510	2.4664
22.515	2.4544
22.520	2.4584
22.525	2.4544
22.530	2.4504
22.535	2.4504
22.540	2.4664
22.545	2.4584
22.550	2.4584
22.555	2.4584
22.560	2.4544
22.565	2.4704
22.570	2.4584
22.575	2.4664
22.580	2.4584
22.585	2.4584
22.590	2.4664
22.595	2.4584
22.600	2.4504
22.605	2.4544
22.610	2.4584
22.615	2.4584
22.620	2.4664
22.625	2.4544
22.630	2.4504
22.635	2.4584
22.640	2.4584
22.645	2.4504
22.650	2.4544
22.655	2.4584
22.660	2.4544
22.665	2.4544
22.670	2.4664
22.675	2.4544
22.680	2.4504
22.685	2.4584
22.690	2.4584
22.695	2.4544
22.700	2.4584
22.705	2.4584
22.710	2.4544
22.715	2.4664
22.720	2.4704
22.725	2.4664
22.730	2.4544
22.735	2.4544
22.740	2.4504
22.745	2.4584
22.750	2.4584
22.755	2.4544
22.760	2.4544
22.765	2.4584
22.770	2.4584
22.775	2.4544
22.780	2.4544
22.785	2.4664
22.790	2.4504
22.795	2.4504
22.800	2.4504
22.805	2.4504
22.810	2.4584
22.815	2.4544
22.820	2.4504
22.825	2.4544
22.830	2.4584
22.835	2.4584
22.840	2.4584
22.845	2.4704
22.850	2.4544
22.855	2.4584
22.860	2.4664
22.865	2.4664
22.870	2.4664
22.875	2.4584
22.880	2.4664
22.885	2.4664
22.890	2.4584
22.895	2.4504
22.900	2.4544
22.905	2.4504
22.910	2.4544
22.915	2.4464
22.920	2.4504
22.925	2.4504
22.930	2.4544
22.935	2.4464
22.940	2.4584
22.945	2.4584
22.950	2.4584
22.955	2.4664
22.960	2.4544
22.965	2.4664
22.970	2.4664
22.975	2.4664
22.980	2.4704
22.985	2.4664
22.990	2.4584
22.995	2.4584
23.000	2.4664
23.005	2.4544
23.010	2.4584
23.015	2.4544
23.020	2.4544
23.025	2.4544
23.030	2.4584
23.035	2.4544
23.040	2.4584
23.045	2.4664
23.050	2.4504
23.055	2.4504
23.060	2.4584
23.065	2.4584
23.070	2.4664
23.075	2.4544
23.080	2.4544
23.085	2.4544
23.090	2.4544
23.095	2.4584
23.100	2.4584
23.105	2.4504
23.110	2.4544
23.115	2.4584
23.120	2.4544
23.125	2.4584
23.130	2.4544
23.135	2.4584
23.140	2.4664
23.145	2.4664
23.150	2.4544
23.155	2.4544
23.160	2.4584
23.165	2.4584
23.170	2.4584
23.175	2.4584
23.180	2.4544
23.185	2.4504
23.190	2.4664
23.195	2.4664
23.200	2.4544
23.205	2.4584
23.210	2.4544
23.215	2.4544
23.220	2.4584
23.225	2.4584
23.230	2.4544
23.235	2.4544
23.240	2.4584
23.245	2.4664
23.250	2.4584
23.255	2.4504
23.260	2.4544
23.265	2.4544
23.270	2.4584
23.275	2.4544
23.280	2.4584
23.285	2.4584
23.290	2.4584
23.295	2.4584
23.300	2.4544
23.305	2.4584
23.310	2.4584
23.315	2.4544
23.320	2.4544
23.325	2.4584
23.330	2.4584
23.335	2.4584
23.340	2.4664
23.345	2.4584
23.350	2.4544
23.355	2.4544
23.360	2.4584
23.365	2.4584
23.370	2.4584
23.375	2.4584
23.380	2.4504
23.385	2.4584
23.390	2.4664
23.395	2.4544
23.400	2.4504
23.405	2.4544
23.410	2.4584
23.415	2.4664
23.420	2.4544
23.425	2.4584
23.430	2.4504
23.435	2.4544
23.440	2.4544
23.445	2.4584
23.450	2.4544
23.455	2.4664
23.460	2.4584
23.465	2.4544
23.470	2.4504
23.475	2.4584
23.480	2.4664
23.485	2.4584
23.490	2.4504
23.495	2.4464
23.500	2.4544
23.505	2.4544
23.510	2.4544
23.515	2.4504
23.520	2.4544
23.525	2.4584
23.530	2.4584
23.535	2.4544
23.540	2.4664
23.545	2.4584
23.550	2.4584
23.555	2.4664
23.560	2.4584
23.565	2.4544
23.570	2.4584
23.575	2.4544
23.580	2.4584
23.585	2.4584
23.590	2.4664
23.595	2.4584
23.600	2.4504
23.605	2.4584
23.610	2.4544
23.615	2.4664
23.620	2.4664
23.625	2.4504
23.630	2.4544
23.635	2.4584
23.640	2.4584
23.645	2.4544
23.650	2.4504
23.655	2.4584
23.660	2.4584
23.665	2.4544
23.670	2.4544
23.675	2.4544
23.680	2.4544
23.685	2.4584
23.690	2.4544
23.695	2.4584
23.700	2.4584
23.705	2.4544
23.710	2.4584
23.715	2.4664
23.720	2.4584
23.725	2.4544
23.730	2.4544
23.735	2.4544
23.740	2.4664
23.745	2.4544
23.750	2.4584
23.755	2.4504
23.760	2.4584
23.765	2.4544
23.770	2.4544
23.775	2.4504
23.780	2.4544
23.785	2.4584
23.790	2.4584
23.795	2.4664
23.800	2.4584
23.805	2.4584
23.810	2.4544
23.815	2.4544
23.820	2.4664
23.825	2.4584
23.830	2.4584
23.835	2.4584
23.840	2.4664
23.845	2.4504
23.850	2.4504
23.855	2.4664
23.860	2.4584
23.865	2.4584
23.870	2.4584
23.875	2.4504
23.880	2.4664
23.885	2.4584
23.890	2.4584
23.895	2.4504
23.900	2.4544
23.905	2.4584
23.910	2.4664
23.915	2.4544
23.920	2.4504
23.925	2.4544
23.930	2.4544
23.935	2.4664
23.940	2.4504
23.945	2.4544
23.950	2.4584
23.955	2.4584
23.960	2.4504
23.965	2.4544
23.970	2.4544
23.975	2.4664
23.980	2.4664
23.985	2.4544
23.990	2.4504
23.995	2.4664
24.000	2.4544
24.005	2.4584
24.010	2.4584
24.015	2.4584
24.020	2.4664
24.025	2.4584
24.030	2.4664
24.035	2.4544
24.040	2.4664
24.045	2.4584
24.050	2.4704
24.055	2.4664
24.060	2.4664
24.065	2.4584
24.070	2.4704
24.075	2.4584
24.080	2.4544
24.085	2.4664
24.090	2.4664
24.095	2.4584
24.100	2.4584
24.105	2.4504
24.110	2.4504
24.115	2.4504
24.120	2.4464
24.125	2.4544
24.130	2.4504
24.135	2.4544
24.140	2.4504
24.145	2.4544
24.150	2.4544
24.155	2.4584
24.160	2.4664
24.165	2.4584
24.170	2.4664
24.175	2.4704
24.180	2.4704
24.185	2.4704
24.190	2.4584
24.195	2.4504
24.200	2.4584
24.205	2.4544
24.210	2.4584
24.215	2.4504
24.220	2.4544
24.225	2.4664
24.230	2.4584
24.235	2.4584
24.240	2.4504
24.245	2.4544
24.250	2.4584
24.255	2.4464
24.260	2.4544
24.265	2.4544
24.270	2.4584
24.275	2.4544
24.280	2.4664
24.285	2.4504
24.290	2.4544
24.295	2.4544
24.300	2.4664
24.305	2.4544
24.310	2.4584
24.315	2.4584
24.320	2.4544
24.325	2.4544
24.330	2.4504
24.335	2.4584
24.340	2.4544
24.345	2.4664
24.350	2.4544
24.355	2.4584
24.360	2.4584
24.365	2.4664
24.370	2.4584
24.375	2.4584
24.380	2.4504
24.385	2.4504
24.390	2.4544
24.395	2.4544
24.400	2.4544
24.405	2.4584
24.410	2.4544
24.415	2.4664
24.420	2.4664
24.425	2.4584
24.430	2.4584
24.435	2.4584
24.440	2.4584
24.445	2.4544
24.450	2.4584
24.455	2.4664
24.460	2.4664
24.465	2.4664
24.470	2.4664
24.475	2.4584
24.480	2.4704
24.485	2.4664
24.490	2.4664
24.495	2.4544
24.500	2.4504
24.505	2.4544
24.510	2.4504
24.515	2.4504
24.520	2.4464
24.525	2.4544
24.530	2.4544
24.535	2.4544
24.540	2.4504
24.545	2.4544
24.550	2.4464
24.555	2.4544
24.560	2.4584
24.565	2.4664
24.570	2.4584
24.575	2.4504
24.580	2.4544
24.585	2.4664
24.590	2.4584
24.595	2.4584
24.600	2.4584
24.605	2.4504
24.610	2.4544
24.615	2.4504
24.620	2.4664
24.625	2.4584
24.630	2.4584
24.635	2.4544
24.640	2.4584
24.645	2.4664
24.650	2.4544
24.655	2.4584
24.660	2.4584
24.665	2.4504
24.670	2.4544
24.675	2.4664
24.680	2.4584
24.685	2.4504
24.690	2.4504
24.695	2.4544
24.700	2.4664
24.705	2.4544
24.710	2.4544
24.715	2.4504
24.720	2.4664
24.725	2.4544
24.730	2.4544
24.735	2.4584
24.740	2.4504
24.745	2.4584
24.750	2.4544
24.755	2.4584
24.760	2.4584
24.765	2.4504
24.770	2.4584
24.775	2.4664
24.780	2.4584
24.785	2.4544
24.790	2.4584
24.795	2.4664
24.800	2.4664
24.805	2.4664
24.810	2.4544
24.815	2.4544
24.820	2.4664
24.825	2.4584
24.830	2.4544
24.835	2.4544
24.840	2.4544
24.845	2.4504
24.850	2.4544
24.855	2.4504
24.860	2.4584
24.865	2.4584
24.870	2.4544
24.875	2.4544
24.880	2.4664
24.885	2.4544
24.890	2.4544
24.895	2.4544
24.900	2.4544
24.905	2.4584
24.910	2.4544
24.915	2.4544
24.920	2.4544
24.925	2.4584
24.930	2.4664
24.935	2.4544
24.940	2.4584
24.945	2.4664
24.950	2.4664
24.955	2.4664
24.960	2.4544
24.965	2.4504
24.970	2.4544
24.975	2.4704
24.980	2.4584
24.985	2.4544
24.990	2.4544
24.995	2.4504
25.000	2.4544
25.005	2.4544
25.010	2.4544
25.015	2.4584
25.020	2.4544
25.025	2.4504
25.030	2.4544
25.035	2.4664
25.040	2.4584
25.045	2.4544
25.050	2.4664
25.055	2.4664
25.060	2.4584
25.065	2.4504
25.070	2.4584
25.075	2.4584
25.080	2.4544
25.085	2.4664
25.090	2.4664
25.095	2.4584
25.100	2.4584
25.105	2.4544
25.110	2.4584
25.115	2.4544
25.120	2.4584
25.125	2.4584
25.130	2.4584
25.135	2.4504
25.140	2.4584
25.145	2.4664
25.150	2.4544
25.155	2.4544
25.160	2.4584
25.165	2.4584
25.170	2.4664
25.175	2.4544
25.180	2.4584
25.185	2.4584
25.190	2.4664
25.195	2.4584
25.200	2.4544
25.205	2.4664
25.210	2.4664
25.215	2.4664
25.220	2.4544
25.225	2.4584
25.230	2.4584
25.235	2.4584
25.240	2.4584
25.245	2.4584
25.250	2.4504
25.255	2.4504
25.260	2.4544
25.265	2.4584
25.270	2.4544
25.275	2.4584
25.280	2.4584
25.285	2.4664
25.290	2.4584
25.295	2.4544
25.300	2.4544
25.305	2.4504
25.310	2.4584
25.315	2.4664
25.320	2.4584
25.325	2.4544
25.330	2.4504
25.335	2.4584
25.340	2.4664
25.345	2.4544
25.350	2.4584
25.355	2.4584
25.360	2.4664
25.365	2.4584
25.370	2.4544
25.375	2.4664
25.380	2.4664
25.385	2.4584
25.390	2.4504
25.395	2.4504
25.400	2.4664
25.405	2.4544
25.410	2.4704
25.415	2.4584
25.420	2.4544
25.425	2.4544
25.430	2.4584
25.435	2.4584
25.440	2.4664
25.445	2.4664
25.450	2.4584
25.455	2.4544
25.460	2.4544
25.465	2.3024
25.470	2.3624
25.475	3.1424
25.480	1.8584
25.485	2.2224
25.490	2.3664
25.495	2.4864
25.500	2.5624
25.505	2.4144
25.510	2.4104
25.515	2.4384
25.520	2.5184
25.525	2.5104
25.530	2.4664
25.535	2.4384
25.540	2.4744
25.545	2.4704
25.550	2.4544
25.555	2.4664
25.560	2.4664
25.565	2.4584
25.570	2.4544
25.575	2.4544
25.580	2.4664
25.585	2.4584
25.590	2.4584
25.595	2.4584
25.600	2.4584
25.605	2.4584
25.610	2.4544
25.615	2.4664
25.620	2.4664
25.625	2.4584
25.630	2.4664
25.635	2.4664
25.640	2.4664
25.645	2.4664
25.650	2.4584
25.655	2.4704
25.660	2.4664
25.665	2.4664
25.670	2.4664
25.675	2.4704
25.680	2.4664
25.685	2.4664
25.690	2.4664
25.695	2.4664
25.700	2.4704
25.705	2.4664
25.710	2.4704
25.715	2.4584
25.720	2.4584
25.725	2.4544
25.730	2.4584
25.735	2.4584
25.740	2.4584
25.745	2.4504
25.750	2.4544
25.755	2.4504
25.760	2.4544
25.765	2.4584
25.770	2.4544
25.775	2.4504
25.780	2.4704
25.785	2.4704
25.790	2.4544
25.795	2.4584
25.800	2.4664
25.805	2.4504
25.810	2.4744
25.815	2.4544
25.820	2.4664
25.825	2.4584
25.830	2.4544
25.835	2.4544
25.840	2.4584
25.845	2.4584
25.850	2.4704
25.855	2.4664
25.860	2.4664
25.865	2.4664
25.870	2.4664
25.875	2.4664
25.880	2.4704
25.885	2.4704
25.890	2.4664
25.895	2.4664
25.900	2.4824
25.905	2.4544
25.910	2.4704
25.915	2.4744
25.920	2.4664
25.925	2.4584
25.930	2.4704
25.935	2.4704
25.940	2.4704
25.945	2.4704
25.950	2.4744
25.955	2.4824
25.960	2.4824
25.965	2.4664
25.970	2.4664
25.975	2.4584
25.980	2.4704
25.985	2.4664
25.990	2.4584
25.995	2.4704
26.000	2.4544
26.005	2.4584
26.010	2.4664
26.015	2.4744
26.020	2.4704
26.025	2.4824
26.030	2.5024
26.035	2.4944
26.040	2.4744
26.045	2.4744
26.050	2.4704
26.055	2.4824
26.060	2.4824
26.065	2.4864
26.070	2.5104
26.075	2.5264
26.080	2.5624
26.085	2.5264
26.090	2.4824
26.095	2.4864
26.100	2.4824
26.105	2.4864
26.110	2.4704
26.115	2.4744
26.120	2.4544
26.125	2.4704
26.130	2.4664
26.135	2.4944
26.140	2.4864
26.145	2.4824
26.150	2.4664
26.155	2.4704
26.160	2.4664
26.165	2.4664
26.170	2.4584
26.175	2.4704
26.180	2.4704
26.185	2.4744
26.190	2.4824
26.195	2.4824
26.200	2.4864
26.205	2.4824
26.210	2.4744
26.215	2.4664
26.220	2.4704
26.225	2.4824
26.230	2.4944
26.235	2.4864
26.240	2.4824
26.245	2.6824
26.250	2.6584
26.255	2.6584
26.260	2.5024
26.265	2.5464
26.270	2.5464
26.275	2.4584
26.280	2.4824
26.285	2.4704
26.290	2.4744
26.295	2.4664
26.300	2.4664
26.305	2.4664
26.310	2.4704
26.315	2.4704
26.320	2.4864
26.325	2.4704
26.330	2.4824
26.335	2.4824
26.340	2.4824
26.345	2.4824
26.350	2.4744
26.355	2.4744
26.360	2.4744
26.365	2.4744
26.370	2.4904
26.375	2.4864
26.380	2.4744
26.385	2.4824
26.390	2.4864
26.395	2.4904
26.400	2.4864
26.405	2.4864
26.410	2.4904
26.415	2.4944
26.420	2.4904
26.425	2.4944
26.430	2.5384
26.435	2.5744
26.440	2.6344
26.445	2.7224
26.450	2.7224
26.455	2.1704
26.460	2.9424
26.465	2.8544
26.470	2.8544
26.475	2.9184
26.480	2.7584
26.485	2.7424
26.490	2.7664
26.495	2.7304
26.500	2.7944
26.505	2.7464
26.510	2.8384
26.515	3.1264
26.520	3.5384
26.525	3.7544
26.530	3.9744
26.535	3.4984
26.540	2.9584
26.545	2.3264
26.550	2.4024
26.555	2.5104
26.560	2.5504
26.565	2.4864
26.570	2.4664
26.575	2.4504
26.580	2.4824
26.585	2.4504
26.590	2.4824
26.595	2.4744
26.600	2.4664
26.605	2.4904
26.610	2.4864
26.615	2.4904
26.620	2.5024
26.625	2.5104
26.630	2.5304
26.635	2.5584
26.640	2.5624
26.645	2.5624
26.650	2.5624
26.655	2.5384
26.660	2.5224
26.665	2.5104
26.670	2.5064
26.675	2.4904
26.680	2.4944
26.685	2.4944
26.690	2.5064
26.695	2.5024
26.700	2.4904
26.705	2.4864
26.710	2.4744
26.715	2.4504
26.720	2.4304
26.725	2.4584
26.730	2.3784
26.735	2.4664
26.740	2.4904
26.745	2.4824
26.750	2.4864
26.755	2.4824
26.760	2.4384
26.765	2.4344
26.770	2.4544
26.775	2.4184
26.780	2.4344
26.785	2.4184
26.790	2.4184
26.795	2.4544
26.800	2.4464
26.805	2.4344
26.810	2.4304
26.815	2.4464
26.820	2.4304
26.825	2.4384
26.830	2.4464
26.835	2.4344
26.840	2.4384
26.845	2.4344
26.850	2.4184
26.855	2.4584
26.860	2.4384
26.865	2.4344
26.870	2.4584
26.875	2.4704
26.880	2.4824
26.885	2.4824
26.890	2.4824
26.895	2.5064
26.900	2.4824
26.905	2.4744
26.910	2.4664
26.915	2.4384
26.920	2.4464
26.925	2.4544
26.930	2.4584
26.935	2.4584
26.940	2.4504
26.945	2.4344
26.950	2.4504
26.955	2.4544
26.960	2.4544
26.965	2.4664
26.970	2.4544
26.975	2.4464
26.980	2.5024
26.985	2.5184
26.990	2.4584
26.995	2.4504
27.000	2.4504
27.005	2.4584
27.010	2.4704
27.015	2.4584
27.020	2.4544
27.025	2.4664
27.030	2.4704
27.035	2.4664
27.040	2.4704
27.045	2.4864
27.050	2.4864
27.055	2.4664
27.060	2.4664
27.065	2.4584
27.070	2.4544
27.075	2.4584
27.080	2.4704
27.085	2.4584
27.090	2.4824
27.095	2.4704
27.100	2.4904
27.105	2.5064
27.110	2.5064
27.115	2.5224
27.120	2.5304
27.125	2.5424
27.130	2.5304
27.135	2.5464
27.140	2.5664
27.145	2.5784
27.150	2.5984
27.155	2.6304
27.160	2.6144
27.165	2.6184
27.170	2.6824
27.175	2.6664
27.180	2.6144
27.185	2.7224
27.190	2.6464
27.195	2.7304
27.200	2.7944
27.205	2.8024
27.210	2.7944
27.215	2.7464
27.220	2.7664
27.225	2.6864
27.230	2.6184
27.235	2.7064
27.240	2.7464
27.245	2.7104
27.250	2.7384
27.255	2.7744
27.260	2.7304
27.265	2.7544
27.270	2.6904
27.275	2.7184
27.280	2.6824
27.285	2.6944
27.290	2.7664
27.295	2.7424
27.300	2.7304
27.305	2.7024
27.310	2.6904
27.315	2.6584
27.320	2.6464
27.325	2.6024
27.330	2.6384
27.335	2.6544
27.340	2.6304
27.345	2.4384
27.350	2.3744
27.355	2.2224
27.360	2.3864
27.365	2.3944
27.370	2.3264
27.375	2.3744
27.380	2.5624
27.385	2.6344
27.390	2.5664
27.395	2.6144
27.400	2.5744
27.405	2.5024
27.410	2.5464
27.415	2.5024
27.420	2.5624
27.425	2.5464
27.430	2.6344
27.435	2.5864
27.440	2.5824
27.445	2.6024
27.450	2.5824
27.455	2.5744
27.460	2.5624
27.465	2.5664
27.470	2.5824
27.475	2.6664
27.480	2.6344
27.485	2.5584
27.490	2.6184
27.495	2.5424
27.500	2.5504
27.505	2.5464
27.510	2.6184
27.515	2.6184
27.520	2.5944
27.525	2.5984
27.530	2.6384
27.535	2.5744
27.540	2.5864
27.545	2.5984
27.550	2.6304
27.555	2.6104
27.560	2.5864
27.565	2.5824
27.570	2.5624
27.575	2.5784
27.580	2.6144
27.585	2.5824
27.590	2.5744
27.595	2.5864
27.600	2.5944
27.605	2.5184
27.610	2.5304
27.615	2.5464
27.620	2.5824
27.625	2.5784
27.630	2.5584
27.635	2.5464
27.640	2.5864
27.645	2.5984
27.650	2.6104
27.655	2.6104
27.660	2.5624
27.665	2.5464
27.670	2.5224
27.675	2.5424
27.680	2.5624
27.685	2.5224
27.690	2.5264
27.695	2.5584
27.700	2.5504
27.705	2.5584
27.710	2.5584
27.715	2.5624
27.720	2.5784
27.725	2.5624
27.730	2.5384
27.735	2.5304
27.740	2.5624
27.745	2.5624
27.750	2.5624
27.755	2.5424
27.760	2.5504
27.765	2.5424
27.770	2.5624
27.775	2.5584
27.780	2.5304
27.785	2.5264
27.790	2.5184
27.795	2.5184
27.800	2.5424
27.805	2.5264
27.810	2.5384
27.815	2.5664
27.820	2.5264
27.825	2.5184
27.830	2.5424
27.835	2.5624
27.840	2.5664
27.845	2.5184
27.850	2.4904
27.855	2.4504
27.860	2.4544
27.865	2.5024
27.870	2.5224
27.875	2.5264
27.880	2.5104
27.885	2.5064
27.890	2.4904
27.895	2.4864
27.900	2.4904
27.905	2.5104
27.910	2.5104
27.915	2.4744
27.920	2.4544
27.925	2.4824
27.930	2.4704
27.935	2.4904
27.940	2.5184
27.945	2.5264
27.950	2.5304
27.955	2.5304
27.960	2.5184
27.965	2.5264
27.970	2.5504
27.975	2.5424
27.980	2.5104
27.985	2.4024
27.990	0.9864
27.995	0.8664
28.000	1.9824
28.005	1.6824
28.010	1.6064
28.015	1.5304
28.020	1.9624
28.025	2.3384
28.030	2.3624
28.035	2.3104
28.040	2.5184
28.045	2.5584
28.050	2.6544
28.055	2.7224
28.060	2.7104
28.065	2.6904
28.070	2.6744
28.075	2.6904
28.080	2.7384
28.085	2.7064
28.090	2.6504
28.095	2.6504
28.100	2.6744
28.105	2.6744
28.110	2.6344
28.115	2.6344
28.120	2.6504
28.125	2.6544
28.130	2.6584
28.135	2.6584
28.140	2.6544
28.145	2.6304
28.150	2.6384
28.155	2.6544
28.160	2.6464
28.165	2.6504
28.170	2.6144
28.175	2.6024
28.180	2.6024
28.185	2.6024
28.190	2.5984
28.195	2.5864
28.200	2.5944
28.205	2.5664
28.210	2.6144
28.215	2.6104
28.220	2.6184
28.225	2.6664
28.230	2.6824
28.235	2.7104
28.240	2.6944
28.245	2.6344
28.250	2.5864
28.255	2.5464
28.260	2.5584
28.265	2.5504
28.270	2.5824
28.275	2.5784
28.280	2.5984
28.285	2.5984
28.290	2.6464
28.295	2.6344
28.300	2.6144
28.305	2.6304
28.310	2.6304
28.315	2.6304
28.320	2.6304
28.325	2.6344
28.330	2.5984
28.335	2.5784
28.340	2.5584
28.345	2.6144
28.350	2.5664
28.355	2.6024
28.360	2.5864
28.365	2.6104
28.370	2.5824
28.375	2.6344
28.380	2.6024
28.385	2.5784
28.390	2.5624
28.395	2.5464
28.400	2.5464
28.405	2.5464
28.410	2.5424
28.415	2.5304
28.420	2.5624
28.425	2.5224
28.430	2.5064
28.435	2.5224
28.440	2.5304
28.445	2.5384
28.450	2.5464
28.455	2.5784
28.460	2.5784
28.465	2.6024
28.470	2.5864
28.475	2.6024
28.480	2.5864
28.485	2.5944
28.490	2.6024
28.495	2.5864
28.500	2.5864
28.505	2.5784
28.510	2.5624
28.515	2.5464
28.520	2.5424
28.525	2.5584
28.530	2.5504
28.535	2.5464
28.540	2.5624
28.545	2.5504
28.550	2.5584
28.555	2.5624
28.560	2.5944
28.565	2.6024
28.570	2.6184
28.575	2.6224
28.580	2.6304
28.585	2.5864
28.590	2.6184
28.595	2.6304
28.600	2.6544
28.605	2.6544
28.610	2.6504
28.615	2.6384
28.620	2.6464
28.625	2.6384
28.630	2.6344
28.635	2.6504
28.640	2.6704
28.645	2.6664
28.650	2.6864
28.655	2.7384
28.660	2.8384
28.665	2.9224
28.670	2.8864
28.675	2.9424
28.680	2.9744
28.685	2.9464
28.690	2.8624
28.695	2.6824
28.700	2.5624
28.705	2.5264
28.710	2.4944
28.715	2.5184
28.720	2.5104
28.725	2.5024
28.730	2.4744
28.735	2.4864
28.740	2.4824
28.745	2.4584
28.750	2.4584
28.755	2.4544
28.760	2.4464
28.765	2.4504
28.770	2.4584
28.775	2.4384
28.780	2.4664
28.785	2.4704
28.790	2.4584
28.795	2.4664
28.800	2.4864
28.805	2.5224
28.810	2.5104
28.815	2.5584
28.820	2.3784
28.825	2.4464
28.830	2.5264
28.835	2.4824
28.840	2.4744
28.845	2.3144
28.850	2.3304
28.855	2.3744
28.860	2.3664
28.865	2.3424
28.870	2.3064
28.875	2.5064
28.880	2.1424
28.885	2.0064
28.890	1.8984
28.895	1.5504
28.900	1.4584
28.905	1.5664
28.910	1.8064
28.915	2.0544
28.920	2.1304
28.925	2.3744
28.930	2.5264
28.935	2.5064
28.940	2.5264
28.945	2.5424
28.950	2.5744
28.955	2.6504
28.960	2.8464
28.965	2.8744
28.970	3.1184
28.975	3.1624
28.980	3.0904
28.985	3.0664
28.990	3.0504
28.995	2.9784
29.000	2.6744
29.005	2.5304
29.010	2.3384
29.015	2.2544
29.020	2.2224
29.025	2.0064
29.030	2.1144
29.035	2.2304
29.040	2.3144
29.045	2.3624
29.050	2.3024
29.055	2.2944
29.060	2.3224
29.065	2.3304
29.070	2.3384
29.075	2.2944
29.080	2.3304
29.085	2.3464
29.090	2.3504
29.095	2.3584
29.100	2.3664
29.105	2.3464
29.110	2.3424
29.115	2.3424
29.120	2.3424
29.125	2.3384
29.130	2.3304
29.135	2.3584
29.140	2.3784
29.145	2.4184
29.150	2.4944
29.155	2.5944
29.160	2.6504
29.165	2.6584
29.170	2.6744
29.175	2.5424
29.180	2.4384
29.185	2.2904
29.190	2.2344
29.195	2.2224
29.200	2.2344
29.205	2.2544
29.210	2.2704
29.215	2.2664
29.220	2.2944
29.225	2.3064
29.230	2.3264
29.235	2.3424
29.240	2.3664
29.245	2.3744
29.250	2.3864
29.255	2.4224
29.260	2.4504
29.265	2.4824
29.270	2.4824
29.275	2.4744
29.280	2.4544
29.285	2.4464
29.290	2.4464
29.295	2.4384
29.300	2.4104
29.305	2.3824
29.310	2.3464
29.315	2.3224
29.320	2.2864
29.325	2.2744
29.330	2.2424
29.335	2.2424
29.340	2.2584
29.345	2.2944
29.350	2.3064
29.355	2.3504
29.360	2.3864
29.365	2.4184
29.370	2.4304
29.375	2.4664
29.380	2.4584
29.385	2.4504
29.390	2.4144
29.395	2.3984
29.400	2.3744
29.405	2.3504
29.410	2.3384
29.415	2.3224
29.420	2.3104
29.425	2.3264
29.430	2.3384
29.435	2.3584
29.440	2.3784
29.445	2.3824
29.450	2.4104
29.455	2.4224
29.460	2.4344
29.465	2.4384
29.470	2.4664
29.475	2.4584
29.480	2.4704
29.485	2.4664
29.490	2.4384
29.495	2.4184
29.500	2.3944
29.505	2.3664
29.510	2.3584
29.515	2.3464
29.520	2.3424
29.525	2.3584
29.530	2.3584
29.535	2.3664
29.540	2.3784
29.545	2.3784
29.550	2.3944
29.555	2.4024
29.560	2.3984
29.565	2.3984
29.570	2.4024
29.575	2.3944
29.580	2.4024
29.585	2.4104
29.590	2.4024
29.595	2.4104
29.600	2.3984
29.605	2.4024
29.610	2.4144
29.615	2.4104
29.620	2.4144
29.625	2.4224
29.630	2.4344
29.635	2.4184
29.640	2.4384
29.645	2.4384
29.650	2.4304
29.655	2.4504
29.660	2.4464
29.665	2.4344
29.670	2.4344
29.675	2.4344
29.680	2.4184
29.685	2.4184
29.690	2.4104
29.695	2.4184
29.700	2.4104
29.705	2.4224
29.710	2.4144
29.715	2.4144
29.720	2.4224
29.725	2.4184
29.730	2.4304
29.735	2.4344
29.740	2.4224
29.745	2.4344
29.750	2.4344
29.755	2.4344
29.760	2.4504
29.765	2.4384
29.770	2.4464
29.775	2.4504
29.780	2.4304
29.785	2.4384
29.790	2.4464
29.795	2.4344
29.800	2.4224
29.805	2.4144
29.810	2.4144
29.815	2.4104
29.820	2.4144
29.825	2.4144
29.830	2.4144
29.835	2.4224
29.840	2.4144
29.845	2.4224
29.850	2.4304
29.855	2.4384
29.860	2.4464
29.865	2.4184
29.870	2.4224
29.875	2.4384
29.880	2.4304
29.885	2.4384
29.890	2.4384
29.895	2.4544
29.900	2.4464
29.905	2.4464
29.910	2.4464
29.915	2.4304
29.920	2.4344
29.925	2.4344
29.930	2.4224
29.935	2.4144
29.940	2.4224
29.945	2.4144
29.950	2.4184
29.955	2.4224
29.960	2.4384
29.965	2.4344
29.970	2.4224
29.975	2.4224
29.980	2.4144
29.985	2.4104
29.990	2.4184
29.995	2.4104
30.000	2.4144
30.005	2.4104
30.010	2.4144
30.015	2.4144
30.020	2.4104
30.025	2.4104
30.030	2.4144
30.035	2.4144
30.040	2.4304
30.045	2.4144
30.050	2.4104
30.055	2.4184
30.060	2.4224
30.065	2.4184
30.070	2.4144
30.075	2.4104
30.080	2.4104
30.085	2.4144
30.090	2.4144
30.095	2.4184
30.100	2.4344
30.105	2.4344
30.110	2.4384
30.115	2.4344
30.120	2.4304
30.125	2.4224
30.130	2.4304
30.135	2.4224
30.140	2.4224
30.145	2.4344
30.150	2.4344
30.155	2.4144
30.160	2.4104
30.165	2.4184
30.170	2.4144
30.175	2.3984
30.180	2.4144
30.185	2.4184
30.190	2.4024
30.195	2.4104
30.200	2.4184
30.205	2.4184
30.210	2.4144
30.215	2.4184
30.220	2.4184
30.225	2.4224
30.230	2.4224
30.235	2.4224
30.240	2.4344
30.245	2.4104
30.250	2.4144
30.255	2.4224
30.260	2.4104
30.265	2.4184
30.270	2.4304
30.275	2.4104
30.280	2.3984
30.285	2.4104
30.290	2.3984
30.295	2.3944
30.300	2.3944
30.305	2.3864
30.310	2.4024
30.315	2.4144
30.320	2.4104
30.325	2.4384
30.330	2.4184
30.335	2.4304
30.340	2.4184
30.345	2.4344
30.350	2.4224
30.355	2.4304
30.360	2.4144
30.365	2.4144
30.370	2.4224
30.375	2.4184
30.380	2.4344
30.385	2.4304
30.390	2.4224
30.395	2.4304
30.400	2.4144
30.405	2.4304
30.410	2.4184
30.415	2.4304
30.420	2.4184
30.425	2.4304
30.430	2.4184
30.435	2.4304
30.440	2.4224
30.445	2.4224
30.450	2.4184
30.455	2.4304
30.460	2.4304
30.465	2.4344
30.470	2.4224
30.475	2.4304
30.480	2.4144
30.485	2.4224
30.490	2.4224
30.495	2.4304
30.500	2.4304
30.505	2.4384
30.510	2.4304
30.515	2.4344
30.520	2.4224
30.525	2.4304
30.530	2.4344
30.535	2.4344
30.540	2.4304
30.545	2.4224
30.550	2.4184
30.555	2.4184
30.560	2.4224
30.565	2.4184
30.570	2.4224
30.575	2.4304
30.580	2.4224
30.585	2.4224
30.590	2.4304
30.595	2.4304
30.600	2.4224
30.605	2.4224
30.610	2.4344
30.615	2.4224
30.620	2.4224
30.625	2.4304
30.630	2.4344
30.635	2.4344
30.640	2.4384
30.645	2.4304
30.650	2.4344
30.655	2.4344
30.660	2.4224
30.665	2.4304
30.670	2.4224
30.675	2.4224
30.680	2.4224
30.685	2.4184
30.690	2.4304
30.695	2.4224
30.700	2.4224
30.705	2.4184
30.710	2.4224
30.715	2.4144
30.720	2.4184
30.725	2.4224
30.730	2.4304
30.735	2.4224
30.740	2.4224
30.745	2.4224
30.750	2.4144
30.755	2.4304
30.760	2.4224
30.765	2.4184
30.770	2.4304
30.775	2.4184
30.780	2.4184
30.785	2.4184
30.790	2.4184
30.795	2.4224
30.800	2.4304
30.805	2.4304
30.810	2.4224
30.815	2.4184
30.820	2.4184
30.825	2.4184
30.830	2.4184
30.835	2.4184
30.840	2.4184
30.845	2.4144
30.850	2.4224
30.855	2.4144
30.860	2.4184
30.865	2.4144
30.870	2.4224
30.875	2.4224
30.880	2.4344
30.885	2.4344
30.890	2.4344
30.895	2.4384
30.900	2.4384
30.905	2.4464
30.910	2.4384
30.915	2.4344
30.920	2.4304
30.925	2.4304
30.930	2.4224
30.935	2.4304
30.940	2.4224
30.945	2.4184
30.950	2.4144
30.955	2.4024
30.960	2.4104
30.965	2.4144
30.970	2.4144
30.975	2.4144
30.980	2.4144
30.985	2.4144
30.990	2.4304
30.995	2.4224
31.000	2.4304
31.005	2.4144
31.010	2.4224
31.015	2.4224
31.020	2.4184
31.025	2.4184
31.030	2.4184
31.035	2.4224
31.040	2.4184
31.045	2.4224
31.050	2.4224
31.055	2.4304
31.060	2.4304
31.065	2.4224
31.070	2.4304
31.075	2.4304
31.080	2.4144
31.085	2.4344
31.090	2.4224
31.095	2.4184
31.100	2.4304
31.105	2.4184
31.110	2.4224
31.115	2.4224
31.120	2.4304
31.125	2.4224
31.130	2.4304
31.135	2.4304
31.140	2.4304
31.145	2.4384
31.150	2.4224
31.155	2.4224
31.160	2.4344
31.165	2.4224
31.170	2.4304
31.175	2.4344
31.180	2.4184
31.185	2.4224
31.190	2.4344
31.195	2.4304
31.200	2.4224
31.205	2.4224
31.210	2.4224
31.215	2.4344
31.220	2.4304
31.225	2.4224
31.230	2.4224
31.235	2.4304
31.240	2.4304
31.245	2.4304
31.250	2.4224
31.255	2.4384
31.260	2.4344
31.265	2.4304
31.270	2.4184
31.275	2.4344
31.280	2.4224
31.285	2.4344
31.290	2.4184
31.295	2.4304
31.300	2.4344
31.305	2.4304
31.310	2.4224
31.315	2.4304
31.320	2.4224
31.325	2.4304
31.330	2.4344
31.335	2.4304
31.340	2.4304
31.345	2.4304
31.350	2.4344
31.355	2.4344
31.360	2.4304
31.365	2.4224
31.370	2.4344
31.375	2.4344
31.380	2.4224
31.385	2.4344
31.390	2.4224
31.395	2.4304
31.400	2.4224
31.405	2.4224
31.410	2.4224
31.415	2.4384
31.420	2.4304
31.425	2.4304
31.430	2.4224
31.435	2.4344
31.440	2.4344
31.445	2.4224
31.450	2.4304
31.455	2.4184
31.460	2.4224
31.465	2.4344
31.470	2.4304
31.475	2.4224
31.480	2.4344
31.485	2.4224
31.490	2.4224
31.495	2.4184
31.500	2.4184
31.505	2.4224
31.510	2.4144
31.515	2.4184
31.520	2.4184
31.525	2.4144
31.530	2.4224
31.535	2.4184
31.540	2.4304
31.545	2.4224
31.550	2.4224
31.555	2.4144
31.560	2.4304
31.565	2.4184
31.570	2.4144
31.575	2.4224
31.580	2.4224
31.585	2.4184
31.590	2.4304
31.595	2.4224
31.600	2.4224
31.605	2.4304
31.610	2.4184
31.615	2.4184
31.620	2.4224
31.625	2.4184
31.630	2.4224
31.635	2.4224
31.640	2.4224
31.645	2.4344
31.650	2.4184
31.655	2.4344
31.660	2.4304
31.665	2.4384
31.670	2.4304
31.675	2.4344
31.680	2.4304
31.685	2.4304
31.690	2.4344
31.695	2.4304
31.700	2.4304
31.705	2.4384
31.710	2.4344
31.715	2.4304
31.720	2.4304
31.725	2.4304
31.730	2.4184
31.735	2.4224
31.740	2.4224
31.745	2.4304
31.750	2.4224
31.755	2.4304
31.760	2.4224
31.765	2.4304
31.770	2.4344
31.775	2.4224
31.780	2.4224
31.785	2.4344
31.790	2.4224
31.795	2.4224
31.800	2.4344
31.805	2.4224
31.810	2.4224
31.815	2.4224
31.820	2.4224
31.825	2.4304
31.830	2.4304
31.835	2.4184
31.840	2.4304
31.845	2.4304
31.850	2.4184
31.855	2.4304
31.860	2.4184
31.865	2.4184
31.870	2.4304
31.875	2.4184
31.880	2.4184
31.885	2.4304
31.890	2.4304
31.895	2.4224
31.900	2.4304
31.905	2.4304
31.910	2.4224
31.915	2.4224
31.920	2.4224
31.925	2.4224
31.930	2.4304
31.935	2.4184
31.940	2.4184
31.945	2.4304
31.950	2.4224
31.955	2.4224
31.960	2.4344
31.965	2.4184
31.970	2.4224
31.975	2.4304
31.980	2.4304
31.985	2.4184
31.990	2.4304
31.995	2.4224
32.000	2.4344
32.005	2.4184
32.010	2.4304
32.015	2.4184
32.020	2.4224
32.025	2.4144
32.030	2.4184
32.035	2.4144
32.040	2.4184
32.045	2.4144
32.050	2.4224
32.055	2.4184
32.060	2.4224
32.065	2.4224
32.070	2.4224
32.075	2.4184
32.080	2.4344
32.085	2.4224
32.090	2.4224
32.095	2.4224
32.100	2.4304
32.105	2.4304
32.110	2.4344
32.115	2.4224
32.120	2.4304
32.125	2.4224
32.130	2.4224
32.135	2.4224
32.140	2.4304
32.145	2.4224
32.150	2.4304
32.155	2.4184
32.160	2.4184
32.165	2.4184
32.170	2.4144
32.175	2.4144
32.180	2.4184
32.185	2.4144
32.190	2.4224
32.195	2.4184
32.200	2.4304
32.205	2.4224
32.210	2.4184
32.215	2.4344
32.220	2.4304
32.225	2.4224
32.230	2.4224
32.235	2.4224
32.240	2.4144
32.245	2.4184
32.250	2.4224
32.255	2.4184
32.260	2.4184
32.265	2.4224
32.270	2.4304
32.275	2.4144
32.280	2.4224
32.285	2.4344
32.290	2.4224
32.295	2.4304
32.300	2.4224
32.305	2.4144
32.310	2.4304
32.315	2.4224
32.320	2.4224
32.325	2.4224
32.330	2.4184
32.335	2.4184
32.340	2.4224
32.345	2.4184
32.350	2.4224
32.355	2.4224
32.360	2.4144
32.365	2.4224
32.370	2.4184
32.375	2.4184
32.380	2.4184
32.385	2.4224
32.390	2.4184
32.395	2.4224
32.400	2.4184
32.405	2.4184
32.410	2.4304
32.415	2.4184
32.420	2.4224
32.425	2.4144
32.430	2.4184
32.435	2.4104
32.440	2.4184
32.445	2.4144
32.450	2.4144
32.455	2.4144
32.460	2.4144
32.465	2.4144
32.470	2.4184
32.475	2.4144
32.480	2.4224
32.485	2.4224
32.490	2.4144
32.495	2.4304
32.500	2.4224
32.505	2.4304
32.510	2.4344
32.515	2.4384
32.520	2.4304
32.525	2.4304
32.530	2.4224
32.535	2.4224
32.540	2.4184
32.545	2.4344
32.550	2.4184
32.555	2.4224
32.560	2.4024
32.565	2.4184
32.570	2.4104
32.575	2.4184
32.580	2.4104
32.585	2.4184
32.590	2.4144
32.595	2.4224
32.600	2.4144
32.605	2.4184
32.610	2.4184
32.615	2.4184
32.620	2.4144
32.625	2.4304
32.630	2.4104
32.635	2.4224
32.640	2.4184
32.645	2.4144
32.650	2.4144
32.655	2.4144
32.660	2.4104
32.665	2.4184
32.670	2.4144
32.675	2.4144
32.680	2.4184
32.685	2.4144
32.690	2.4224
32.695	2.4144
32.700	2.4184
32.705	2.4224
32.710	2.4184
32.715	2.4104
32.720	2.4144
32.725	2.4144
32.730	2.4184
32.735	2.4144
32.740	2.4144
32.745	2.4304
32.750	2.4184
32.755	2.4144
32.760	2.4224
32.765	2.4184
32.770	2.4184
32.775	2.4184
32.780	2.4184
32.785	2.4224
32.790	2.4184
32.795	2.4144
32.800	2.4224
32.805	2.4104
32.810	2.4184
32.815	2.4224
32.820	2.4184
32.825	2.4144
32.830	2.4224
32.835	2.4224
32.840	2.4224
32.845	2.4224
32.850	2.4144
32.855	2.4184
32.860	2.4224
32.865	2.4104
32.870	2.4224
32.875	2.4224
32.880	2.4224
32.885	2.4184
32.890	2.4224
32.895	2.4224
32.900	2.4224
32.905	2.4104
32.910	2.4144
32.915	2.4184
32.920	2.4144
32.925	2.4304
32.930	2.4144
32.935	2.4184
32.940	2.4224
32.945	2.4224
32.950	2.4184
32.955	2.4224
32.960	2.4304
32.965	2.4224
32.970	2.4304
32.975	2.4224
32.980	2.4304
32.985	2.4184
32.990	2.4224
32.995	2.4184
33.000	2.4144
33.005	2.4144
33.010	2.4184