Trigger: G-switch.
Smart Recovery option enabled with altitude setting of 685 ft.
Timed recovery set at 16 sec (drogue) and 0 sec (main).
Data is sampled at 200 Hz.
Inputs that were sampled: Acceleration, Pressure, the digital inputs, ADC0, ADC1, ADC2, ADC3.
This data was generated with version 4.2 of the RDAS windows software,
and downloaded from an RDAS board with firmware version 3.1
  Acc [G]  Alt [ft] 
      1.1        -6 
      0.9        -6 
      0.9        -6 
      1.0        -6 
      0.9        -6 
      1.1        -6 
      1.2        -6 
      0.9        -6 
      1.1        -6 
      1.1        -6 
      1.0        18 
      1.1        -6 
      1.1        -6 
      0.9        -6 
      0.9        -6 
      1.1        18 
      1.1        -6 
      1.0        -6 
      1.0        -6 
      1.1        18 
      1.0        -6 
      1.0        18 
      1.1        -6 
      0.9        -6 
      1.2        -6 
      1.0        -6 
      0.9        -6 
      1.0        -6 
      0.9        -6 
      1.0        18 
      1.1        -6 
      1.1        18 
      0.9        18 
      1.0        -6 
      1.1        -6 
      1.0        18 
      1.1        -6 
      1.0        -6 
      0.9        18 
      0.9        -6 
      1.1        -6 
      0.9        -6 
      0.9        -6 
      1.1        -6 
      1.1        -6 
      1.0        -6 
      1.1        -6 
      1.0        -6 
      0.7        -6 
      1.2        -6 
      1.1        -6 
      1.0        -6 
      1.0        -6 
      0.9        -6 
      0.9        -6 
      1.0        18 
      1.1        -6 
      0.9        -6 
      1.2        -6 
      1.1        -6 
      0.9        -6 
      1.0        18 
      1.0        18 
      1.0        -6 
      1.1        18 
      1.1        18 
      0.9        18 
      1.0        18 
      1.1        18 
      1.0        18 
      1.2        18 
      1.1        -6 
      0.9        18 
      0.7        18 
      1.1        -6 
      1.0        -6 
      1.1        -6 
      1.0        -6 
      1.0        -6 
      1.2        -6 
      1.0        -6 
      0.9        -6 
      0.9        -6 
      1.1        18 
      1.1        -6 
      1.1        -6 
      1.0        -6 
      0.9        -6 
      0.9        -6 
      1.1        -6 
      1.1        -6 
      1.0        -6 
      1.0        -6 
      0.9        18 
      0.9        -6 
      1.0        -6 
      0.9        -6 
      0.9        -6 
      1.1        18 
      1.2        -6 
      0.9        -6 
      1.1        -6 
      0.9        -6 
      0.9        -6 
      1.1        -6 
      1.0        -6 
      0.9        -6 
      1.0        -6 
      1.0        18 
      1.0        -6 
      0.9        18 
      1.1        18 
      1.0        18 
      0.9        -6 
      1.0        18 
      1.0        -6 
      0.9        18 
      0.9        -6 
      1.1        -6 
      1.1        -6 
      1.1        18 
      1.0        -6 
      1.0        -6 
      1.0        18 
      1.0        -6 
      1.1        18 
      0.9        -6 
      1.0        -6 
      0.9        -6 
      1.0        -6 
      1.0        -6 
      0.9        18 
      1.1        18 
      1.1        -6 
      1.1        -6 
      1.0        18 
      1.2        -6 
      1.2        -6 
      1.0        -6 
      0.9        18 
      1.1        -6 
      1.1        -6 
      0.9        -6 
      0.9        -6 
      1.1        18 
      1.1        18 
      1.0        -6 
      0.7        18 
      1.0        -6 
      0.9        18 
      1.1        18 
      0.7        -6 
      1.1        -6 
      1.0        -6 
      1.0        -6 
      0.9        -6 
      0.9        -6 
      1.1        18 
      1.1        -6 
      1.1        18 
      0.9        -6 
      1.2        18 
      1.2        -6 
      1.0        18 
      1.0        -6 
      1.1        18 
      1.1        18 
      1.0        -6 
      1.0        -6 
      1.0        -6 
      1.1        -6 
      1.0        -6 
      0.9        -6 
      1.1        18 
      1.1        18 
      0.9        18 
      1.1        -6 
      1.1        -6 
      1.0        -6 
      1.0        18 
      1.0        -6 
      0.9        18 
      0.9        -6 
      1.2        -6 
      0.7        -6 
      0.9        -6 
      1.0        -6 
      1.0        -6 
      1.2        -6 
      1.1        -6 
      0.9        18 
      1.0        -6 
      1.0        18 
      1.0        -6 
      1.1        -6 
      1.1        18 
      1.0        -6 
      1.2        18 
      1.0        -6 
      0.9        18 
      1.0        -6 
      1.0        -6 
      1.0        18 
      1.0        -6 
      1.1        18 
      1.2        18 
      0.7        -6 
      1.1        -6 
      1.1        -6 
      1.0        -6 
      1.0        -6 
      0.9        -6 
      0.9        18 
      1.0        18 
      0.9        -6 
      0.9        -6 
      1.0        -6 
      1.1        -6 
      1.0        18 
      1.0        -6 
      0.9        -6 
      0.7        18 
      1.1        -6 
      1.1        -6 
      1.0        -6 
      1.0        -6 
      1.0        18 
      0.9        -6 
      1.2        18 
      1.1        -6 
      0.9        -6 
      1.0        -6 
      0.9        18 
      0.9        18 
      0.9        18 
      1.0        18 
      1.0        -6 
      1.1        18 
      1.0        -6 
      1.0        18 
      1.0        -6 
      1.0        -6 
      1.0        -6 
      1.0        -6 
      1.1        -6 
      1.0        -6 
      0.9        18 
      1.0        -6 
      1.0        18 
      1.2        -6 
      1.1        -6 
      0.9        18 
      0.9        -6 
      1.0        -6 
      0.9        -6 
      1.0        -6 
      1.1        -6 
      1.0        -6 
      1.0        18 
      1.1        -6 
      0.9        -6 
      0.7        -6 
      1.1        18 
      0.9        -6 
      1.0        -6 
      1.1        -6 
      1.1        -6 
      1.0        -6 
      1.1        18 
      1.1        -6 
      1.0        18 
      1.0        18 
      0.9        -6 
      0.9        18 
      1.1        18 
      0.9        -6 
      0.9        18 
      1.1        -6 
      1.1        18 
      1.0        -6 
      1.0        -6 
      0.9        18 
      0.9        -6 
      1.1        -6 
      1.1        18 
      1.1        -6 
      1.1        -6 
      1.2        -6 
      0.9        -6 
      1.2        -6 
      1.1        18 
      0.9        -6 
      1.0        -6 
      1.1        -6 
      0.9        18 
      0.9        -6 
      0.9        -6 
      1.0        -6 
      1.0        -6 
      1.1        18 
      0.9        18 
      1.0        18 
      1.0        18 
      0.9        -6 
      0.7        -6 
      1.1        -6 
      0.9        18 
      1.0        18 
      1.1        18 
      1.0        -6 
      1.0        -6 
      1.1        18 
      1.0        -6 
      1.1        18 
      1.0        -6 
      0.9        18 
      0.9        -6 
      1.1        -6 
      1.1        18 
      1.1        18 
      1.1        -6 
      1.0        -6 
      0.9        -6 
      1.1        18 
      1.1        18 
      0.9        -6 
      1.1        -6 
      0.7        18 
      0.9        18 
      1.0        -6 
      1.1        -6 
      1.0        18 
      1.0        -6 
      1.1        18 
      1.0        -6 
      1.0        18 
      0.7        18 
      0.9        -6 
      1.1        -6 
      1.1        -6 
      1.0        18 
      1.0        -6 
      1.0        -6 
      0.9        18 
      1.0        -6 
      1.1        -6 
      1.0        -6 
      0.7        18 
      1.0        -6 
      1.0        -6 
      1.0        -6 
      1.1        -6 
      1.0        18 
      1.1        -6 
      1.2        -6 
      0.9        18 
      0.9        -6 
      1.1        -6 
      1.0        -6 
      1.1        -6 
      1.1        18 
      1.0        -6 
      0.9        -6 
      1.1        18 
      1.1        -6 
      1.0        -6 
      1.0        -6 
      1.0        -6 
      1.0        -6 
      1.1        -6 
      1.1        18 
      1.0        -6 
      1.1        -6 
      1.2        18 
      1.0        -6 
      1.0        -6 
      1.1        18 
      1.2        18 
      1.0        -6 
      0.9        -6 
      1.2        18 
      1.2        -6 
      1.0        18 
      1.0        -6 
      1.1        -6 
      1.0        18 
      1.0        18 
      0.9        -6 
      1.0        -6 
      1.0        -6 
      1.1        18 
      0.9        18 
      1.0        -6 
      1.0        -6 
      1.1        -6 
      0.9        18 
      0.9        18 
      1.2        18 
      3.4        -6 
    -13.2        -6 
      3.6        -6 
      7.2        18 
      9.2        44 
      8.0        18 
      8.9        18 
     20.1        18 
     10.6        18 
      9.8        18 
      9.6        -6 
      9.5        -6 
      9.7        18 
      8.9        -6 
      9.5        18 
      9.3        18 
      8.4        18 
      8.9        18 
      9.2        -6 
      8.9        18 
      8.9        18 
      9.1        18 
      9.3        18 
      8.9        18 
      9.3        18 
     10.0        -6 
      9.1        18 
      9.6        18 
      8.6        18 
      8.9        -6 
      9.6        18 
      8.8        18 
      9.2        -6 
      9.2        18 
      8.4        18 
      8.8        18 
      8.6        -6 
      8.7        -6 
      8.7        -6 
      9.3        18 
      9.1        18 
      9.7        18 
      8.0        18 
      8.2        18 
      8.4        18 
      9.1        18 
      8.4        18 
      6.8        18 
      8.9        18 
      8.2        18 
      9.6        18 
      9.3        18 
      8.4        18 
      8.8        18 
      8.7        -6 
      8.9        44 
      8.7        18 
      8.8        18 
      8.4        18 
      7.9        18 
      9.2        18 
      8.6        44 
      9.1        18 
      8.7        18 
      8.4        18 
      8.8        18 
      8.9        44 
      9.1        18 
      8.7        18 
      8.6        44 
      8.7        -6 
      8.7        18 
      9.1        44 
      8.7        18 
      8.8        18 
      9.1        44 
      8.7        18 
      8.9        18 
      8.6        44 
      8.3        18 
      8.8        44 
      8.8        44 
      8.6        18 
      8.9        18 
      8.4        18 
      8.6        44 
      8.9        44 
      9.2        44 
      8.4        44 
      8.7        44 
      8.7        44 
      8.7        44 
      8.7        44 
      8.9        44 
      8.6        44 
      8.6        44 
      8.3        44 
      8.6        44 
      9.1        44 
      8.7        18 
      8.8        44 
      8.6        44 
      8.8        44 
      8.7        44 
      8.8        44 
      8.9        44 
      9.1        44 
      9.2        44 
      8.4        44 
      8.8        44 
      9.1        44 
      8.4        44 
      8.4        44 
      8.8        44 
      9.1        69 
      8.9        69 
      8.9        44 
      8.4        44 
      8.6        69 
      9.1        69 
      8.9        44 
      8.8        44 
      8.7        69 
      8.6        44 
      8.6        44 
      9.1        44 
      8.7        69 
      8.8        44 
      8.4        44 
      8.7        69 
      9.1        44 
      8.9        44 
      8.9        69 
      8.8        44 
      8.8        44 
      8.7        44 
      9.2        69 
      8.3        44 
      8.7        69 
      8.8        44 
      8.9        69 
      8.6        69 
      8.8        69 
      8.7        69 
      8.9        69 
      9.1        69 
      8.7        69 
      8.8        69 
      8.8        69 
      8.7        69 
      9.5        69 
      8.7        69 
      8.8        69 
      8.7        95 
      8.7        95 
      9.1        69 
      8.8        69 
      8.7        69 
      8.7        69 
      8.8        95 
      8.9        69 
      8.8        95 
      8.6        95 
      9.1        69 
      8.6        95 
      8.6        69 
      8.6        95 
      8.3        95 
      8.6        69 
      9.2        95 
      8.9        95 
      9.1        95 
      8.9        95 
      8.6        95 
      9.1        95 
      8.7        95 
      8.8        95 
      8.6        95 
      8.3        95 
      8.9        95 
      8.8        95 
      8.8        95 
      8.7        95 
      8.9        95 
      8.8        95 
      8.8        95 
      8.8        95 
      8.8       120 
      8.9        95 
      8.7       120 
      9.1       120 
      8.6        95 
      9.2        95 
      8.4        95 
      8.7       120 
      8.8       120 
      8.8       120 
      8.6        95 
      8.6       120 
      9.1       120 
      8.8       120 
      8.8       120 
      8.8       120 
      8.4       120 
      8.7       146 
      8.3       120 
      8.3       120 
      8.9       120 
      8.8       120 
      8.6       146 
      8.7       146 
      8.8       146 
      8.9       146 
      8.6       146 
      8.9       146 
      8.6       146 
      9.1       146 
      8.8       146 
      8.7       146 
      8.7       120 
      8.6       146 
      8.7       146 
      8.4       146 
      8.4       146 
      9.1       146 
      8.4       146 
      8.4       146 
      8.7       171 
      8.6       146 
      8.0       146 
      8.2       146 
      8.6       171 
      8.0       171 
      8.3       171 
      8.8       171 
      8.4       171 
      8.3       171 
      8.0       171 
      8.3       171 
      8.3       171 
      8.2       171 
      8.0       171 
      9.2       197 
      7.9       171 
      8.4       197 
      8.3       171 
      8.3       197 
      8.4       197 
      8.3       197 
      8.0       197 
      8.3       197 
      8.2       197 
      8.4       197 
      8.0       197 
      8.3       197 
      7.9       197 
      7.9       197 
      8.2       197 
      7.9       197 
      7.7       197 
      7.8       197 
      7.8       222 
      7.4       197 
      7.7       222 
      7.5       197 
      7.5       197 
      7.7       222 
      7.5       197 
      7.3       222 
      7.4       222 
      7.2       222 
      7.4       222 
      7.3       248 
      7.7       222 
      7.7       222 
      7.2       222 
      7.4       248 
      7.4       248 
      7.3       222 
      7.3       222 
      7.3       248 
      7.2       248 
      7.3       248 
      7.4       248 
      7.2       248 
      7.2       248 
      7.0       248 
      7.2       248 
      7.3       248 
      7.2       248 
      7.4       248 
      6.8       248 
      7.2       248 
      7.3       248 
      7.3       248 
      6.8       274 
      7.2       274 
      7.2       274 
      7.2       274 
      6.9       274 
      6.8       274 
      7.0       274 
      7.0       274 
      6.8       274 
      6.9       274 
      7.0       299 
      7.0       274 
      6.8       274 
      6.8       299 
      6.6       299 
      6.8       299 
      6.8       274 
      6.6       299 
      6.9       299 
      6.5       299 
      6.9       299 
      6.1       299 
      6.5       299 
      6.1       299 
      6.5       299 
      6.5       299 
      6.3       325 
      6.5       299 
      6.3       299 
      6.6       325 
      6.5       325 
      6.6       325 
      6.5       325 
      6.5       325 
      6.6       325 
      6.5       325 
      6.6       325 
      6.6       351 
      6.8       325 
      6.6       351 
      6.5       325 
      6.5       325 
      6.9       351 
      6.8       351 
      6.4       351 
      6.6       351 
      6.6       351 
      6.4       351 
      6.3       351 
      6.0       351 
      6.1       351 
      6.1       351 
      6.4       351 
      6.4       351 
      6.0       351 
      6.0       351 
      5.7       377 
      5.4       377 
      5.0       377 
      4.8       377 
      4.3       377 
      3.8       377 
      3.6       377 
      3.7       351 
      3.0       377 
      3.0       377 
      2.9       377 
      2.7       377 
      2.8       377 
      2.7       377 
      2.1       402 
      2.1       377 
      2.0       377 
      1.8       377 
      2.0       377 
      1.5       402 
      1.5       402 
      1.6       402 
      1.4       402 
      1.5       402 
      1.1       402 
      1.6       402 
      1.1       402 
      1.4       402 
      1.0       428 
      1.1       402 
      1.2       402 
      1.2       402 
      0.6       428 
      0.9       402 
      1.0       428 
      0.7       402 
      0.7       428 
      0.9       428 
      1.1       428 
      0.7       428 
      0.7       428 
      0.5       454 
      0.5       428 
      0.5       454 
      0.3       454 
      0.1       454 
      0.2       454 
     -0.0       454 
     -0.0       454 
     -0.2       454 
     -0.3       454 
     -0.2       454 
     -0.6       480 
     -0.3       454 
     -0.4       480 
     -0.3       480 
     -0.2       480 
     -1.3       454 
     -0.6       480 
     -0.4       454 
     -0.3       480 
     -0.6       480 
     -0.4       480 
     -0.4       480 
     -0.4       480 
     -0.4       480 
     -0.2       480 
     -0.4       480 
     -0.4       480 
     -0.2       506 
     -0.4       506 
     -0.4       506 
     -0.3       506 
     -0.3       506 
     -0.3       506 
     -0.4       531 
     -0.3       506 
     -0.7       506 
     -0.3       506 
     -0.2       506 
     -0.3       531 
     -0.2       506 
     -0.4       531 
     -0.6       506 
     -0.2       531 
     -0.2       506 
     -0.6       531 
     -0.2       531 
     -0.4       531 
     -0.6       506 
     -0.3       531 
     -0.4       557 
     -0.3       531 
     -0.6       557 
     -0.3       531 
     -0.3       557 
     -0.3       557 
     -0.4       557 
     -0.4       531 
     -0.4       557 
     -0.4       557 
     -0.3       557 
     -0.3       583 
     -0.3       557 
     -0.4       583 
     -0.4       557 
     -0.3       557 
     -0.3       557 
     -0.4       583 
     -0.3       583 
     -0.3       557 
     -0.4       583 
     -0.6       583 
     -0.4       583 
     -0.3       583 
     -0.7       609 
     -0.3       609 
     -0.4       583 
     -0.4       609 
     -0.3       609 
     -0.3       609 
     -0.6       609 
     -0.4       609 
     -0.4       609 
     -0.4       609 
     -0.4       609 
     -0.3       609 
     -0.4       609 
     -0.3       609 
     -0.4       609 
     -0.6       609 
     -0.2       609 
     -0.3       635 
     -0.3       635 
     -0.4       635 
     -0.3       635 
     -0.4       635 
     -0.6       635 
     -0.4       661 
     -0.6       661 
     -0.4       635 
     -0.3       635 
     -0.4       661 
     -0.3       661 
     -0.3       661 
     -0.2       661 
     -0.6       661 
     -0.3       661 
     -0.3       661 
     -0.4       661 
     -0.3       661 
     -0.3       661 
     -0.4       687 
     -0.3       661 
     -0.3       661 
     -0.6       661 
     -0.3       687 
     -0.4       687 
     -0.4       687 
     -0.3       687 
     -0.4       687 
     -0.4       687 
     -0.3       713 
     -0.4       713 
     -0.4       713 
     -0.2       687 
     -0.4       713 
     -0.4       713 
     -0.2       713 
     -0.3       713 
     -0.4       713 
     -0.3       713 
     -0.3       713 
     -0.6       713 
     -0.2       713 
     -0.3       713 
     -0.3       713 
     -0.3       713 
     -0.4       713 
     -0.4       739 
     -0.4       713 
     -0.2       739 
     -0.3       739 
     -0.4       739 
     -0.3       739 
     -0.2       739 
     -0.4       739 
     -0.3       739 
     -0.2       739 
     -0.6       765 
     -0.3       739 
     -0.3       739 
     -0.3       739 
     -0.3       765 
     -0.3       739 
     -0.4       765 
     -0.6       765 
     -0.3       765 
     -0.4       765 
     -0.3       765 
     -0.3       765 
     -0.4       765 
     -0.4       765 
     -0.2       765 
     -0.6       765 
     -0.6       791 
     -0.7       791 
     -0.6       791 
     -0.4       791 
     -0.6       791 
     -0.6       791 
     -0.7       791 
     -0.4       791 
     -0.4       791 
     -0.3       791 
     -0.4       791 
     -0.2       791 
     -0.3       817 
     -0.3       817 
     -0.2       791 
     -0.0       817 
     -0.3       817 
     -0.0       817 
     -0.0       817 
     -0.3       817 
     -0.2       817 
     -0.4       817 
     -0.3       817 
     -0.2       817 
     -0.6       817 
     -0.4       817 
     -0.7       817 
     -0.4       817 
     -0.4       843 
     -0.7       843 
     -0.4       843 
     -0.4       843 
     -0.6       843 
     -0.6       843 
     -0.3       843 
     -0.3       843 
     -0.6       843 
     -0.4       843 
     -0.0       869 
     -0.3       869 
     -0.4       843 
     -0.4       869 
     -0.3       869 
     -0.2       843 
     -0.6       869 
     -0.3       869 
     -0.3       869 
     -0.4       869 
     -0.4       869 
     -0.3       869 
     -0.3       869 
     -0.3       869 
     -0.4       895 
     -0.2       869 
     -0.4       895 
     -0.3       895 
     -0.3       895 
     -0.3       895 
     -0.4       895 
     -0.3       895 
     -0.4       869 
     -0.6       895 
     -0.0       895 
     -0.3       895 
     -0.4       922 
     -0.4       895 
     -0.3       922 
     -0.3       922 
     -0.4       922 
     -0.3       922 
     -0.6       922 
     -0.6       922 
     -0.4       922 
     -0.3       922 
     -0.4       922 
     -0.3       922 
     -0.2       922 
     -0.4       922 
     -0.2       922 
     -0.3       922 
     -0.6       948 
     -0.6       948 
     -0.6       948 
     -0.6       948 
     -0.6       948 
     -0.6       948 
     -0.6       948 
     -0.6       948 
     -0.3       948 
     -0.3       948 
     -0.3       948 
     -0.3       974 
     -0.2       974 
     -0.4       974 
     -0.3       974 
     -0.0       948 
     -0.0       974 
     -0.3       974 
     -0.2       974 
     -0.0       974 
     -0.0       974 
     -0.2       974 
     -0.0       974 
     -0.3       974 
     -0.2      1000 
     -0.2      1000 
     -0.6      1000 
     -0.3       974 
     -0.4      1000 
     -0.4      1000 
     -0.6      1000 
     -0.6      1000 
     -0.3      1000 
     -0.3      1000 
     -0.6      1000 
     -0.4      1000 
     -0.4      1000 
     -0.3      1026 
     -0.2      1000 
     -0.4      1000 
     -0.3      1026 
     -0.2      1026 
     -0.3      1026 
     -0.4      1026 
     -0.2      1026 
     -0.4      1026 
     -0.3      1026 
     -0.3      1026 
     -0.2      1026 
     -0.3      1026 
     -0.6      1026 
     -0.4      1026 
     -0.3      1053 
     -0.4      1026 
     -0.3      1053 
     -0.3      1053 
     -0.6      1053 
     -0.4      1053 
     -0.0      1026 
     -0.3      1026 
     -0.4      1026 
     -0.3      1053 
     -0.2      1053 
     -0.4      1053 
     -0.2      1053 
     -0.4      1053 
     -0.3      1053 
     -0.2      1053 
     -0.2      1053 
     -0.4      1079 
     -0.2      1079 
     -0.3      1079 
     -0.2      1079 
     -0.3      1079 
     -0.4      1079 
     -0.3      1079 
     -0.3      1079 
     -0.3      1079 
     -0.4      1079 
     -0.3      1105 
     -0.2      1079 
     -0.2      1079 
     -0.0      1079 
     -0.4      1105 
     -0.2      1105 
     -0.3      1105 
     -0.2      1105 
     -0.4      1105 
     -0.3      1105 
     -0.4      1105 
     -0.3      1105 
     -0.3      1105 
     -0.4      1105 
     -0.3      1105 
     -0.3      1105 
     -0.0      1105 
     -0.3      1132 
     -0.2      1132 
     -0.3      1132 
     -0.4      1132 
     -0.0      1132 
     -0.4      1132 
     -0.3      1132 
     -0.0      1132 
     -0.3      1132 
     -0.3      1158 
     -0.3      1158 
     -0.3      1132 
     -0.2      1132 
     -0.2      1132 
     -0.3      1158 
     -0.3      1158 
     -0.4      1158 
     -0.2      1158 
     -0.3      1132 
     -0.4      1158 
     -0.3      1158 
     -0.4      1158 
     -0.4      1158 
     -0.3      1158 
     -0.4      1184 
     -0.2      1158 
     -0.3      1184 
     -0.3      1158 
     -0.3      1158 
     -0.3      1184 
     -0.4      1184 
     -0.2      1184 
     -0.3      1158 
     -0.0      1184 
     -0.4      1184 
     -0.2      1184 
     -0.2      1184 
     -0.6      1184 
     -0.3      1184 
     -0.2      1184 
     -0.2      1184 
     -0.2      1184 
     -0.4      1184 
     -0.3      1211 
     -0.3      1211 
     -0.3      1211 
     -0.3      1211 
     -0.3      1211 
     -0.2      1211 
     -0.4      1211 
     -0.0      1211 
     -0.2      1211 
     -0.3      1211 
     -0.3      1237 
     -0.2      1211 
     -0.3      1211 
     -0.3      1211 
     -0.3      1237 
     -0.4      1211 
     -0.3      1237 
     -0.3      1211 
     -0.3      1237 
     -0.3      1237 
     -0.0      1237 
     -0.3      1211 
     -0.3      1237 
     -0.2      1237 
     -0.3      1237 
     -0.3      1237 
     -0.0      1237 
     -0.3      1237 
     -0.2      1263 
     -0.3      1237 
     -0.4      1263 
     -0.2      1263 
     -0.2      1237 
     -0.3      1263 
     -0.3      1237 
     -0.2      1263 
     -0.3      1263 
     -0.2      1263 
     -0.3      1263 
     -0.4      1263 
     -0.0      1263 
     -0.2      1263 
     -0.2      1263 
     -0.3      1263 
     -0.3      1263 
     -0.3      1290 
     -0.0      1290 
     -0.3      1263 
     -0.2      1263 
     -0.3      1290 
     -0.0      1263 
     -0.2      1290 
     -0.3      1263 
     -0.2      1290 
     -0.2      1290 
     -0.4      1290 
     -0.0      1290 
     -0.4      1290 
     -0.2      1290 
     -0.2      1316 
     -0.4      1290 
     -0.4      1290 
     -0.2      1316 
     -0.2      1316 
     -0.3      1290 
     -0.3      1290 
     -0.2      1290 
     -0.3      1290 
     -0.2      1316 
     -0.2      1316 
     -0.4      1316 
     -0.2      1343 
     -0.2      1316 
     -0.4      1316 
     -0.2      1343 
     -0.2      1343 
     -0.2      1316 
     -0.0      1316 
     -0.2      1316 
     -0.3      1343 
     -0.2      1343 
     -0.0      1343 
     -0.3      1343 
     -0.3      1343 
     -0.2      1343 
     -0.4      1343 
     -0.2      1343 
     -0.0      1343 
     -0.3      1343 
     -0.2      1343 
     -0.2      1343 
     -0.3      1343 
     -0.3      1369 
     -0.2      1343 
     -0.2      1396 
     -0.4      1343 
     -0.2      1369 
     -0.4      1369 
     -0.4      1369 
     -0.0      1369 
     -0.2      1369 
     -0.4      1369 
     -0.3      1369 
     -0.3      1343 
     -0.4      1369 
     -0.6      1369 
     -0.3      1369 
     -0.6      1369 
     -0.4      1369 
     -0.3      1396 
     -0.6      1396 
     -0.3      1369 
     -0.2      1396 
     -0.2      1396 
     -0.2      1396 
     -0.0      1396 
     -0.0      1396 
     -0.3      1396 
     -0.0      1369 
     -0.2      1396 
     -0.0      1396 
     -0.0      1396 
     -0.2      1422 
     -0.2      1396 
     -0.2      1396 
     -0.0      1422 
     -0.2      1396 
     -0.3      1396 
     -0.2      1422 
     -0.3      1422 
     -0.4      1422 
     -0.6      1422 
     -0.4      1422 
     -0.3      1422 
     -0.4      1422 
     -0.6      1422 
     -0.3      1422 
     -0.3      1422 
     -0.2      1449 
     -0.3      1449 
     -0.2      1449 
     -0.0      1422 
     -0.4      1449 
     -0.2      1449 
     -0.3      1449 
     -0.3      1449 
     -0.2      1449 
     -0.3      1449 
     -0.2      1449 
      0.1      1475 
     -0.3      1449 
     -0.3      1449 
     -0.3      1449 
     -0.3      1449 
     -0.0      1449 
     -0.2      1449 
     -0.0      1449 
     -0.3      1449 
     -0.2      1449 
     -0.3      1475 
     -0.3      1475 
     -0.2      1475 
     -0.3      1449 
     -0.3      1475 
     -0.2      1475 
     -0.2      1475 
     -0.3      1502 
     -0.0      1502 
     -0.0      1475 
     -0.0      1475 
     -0.4      1502 
     -0.2      1475 
     -0.3      1502 
     -0.2      1475 
     -0.2      1475 
     -0.3      1502 
     -0.2      1502 
     -0.2      1502 
     -0.3      1475 
     -0.2      1502 
     -0.0      1502 
     -0.2      1502 
     -0.3      1502 
     -0.6      1502 
     -0.4      1502 
     -0.6      1502 
     -0.3      1502 
     -0.4      1502 
     -0.3      1502 
     -0.3      1529 
     -0.3      1529 
     -0.4      1529 
     -0.3      1529 
     -0.0      1529 
     -0.4      1529 
     -0.0      1529 
     -0.0      1529 
     -0.3      1529 
     -0.0      1529 
     -0.2      1529 
      0.1      1529 
      0.1      1529 
      0.1      1529 
     -0.2      1529 
     -0.0      1529 
     -0.2      1529 
     -0.4      1555 
     -0.3      1555 
     -0.3      1555 
     -0.0      1529 
     -0.4      1529 
     -0.4      1555 
     -0.6      1555 
     -0.4      1555 
     -0.3      1555 
     -0.4      1555 
     -0.4      1555 
     -0.2      1555 
     -0.2      1555 
     -0.2      1555 
     -0.0      1555 
     -0.2      1555 
     -0.2      1582 
     -0.3      1582 
     -0.0      1555 
     -0.2      1555 
     -0.3      1555 
     -0.2      1555 
     -0.3      1555 
     -0.3      1582 
     -0.2      1582 
     -0.0      1582 
     -0.3      1582 
      0.1      1582 
     -0.3      1555 
     -0.3      1582 
     -0.2      1582 
     -0.2      1582 
     -0.0      1582 
     -0.2      1609 
     -0.0      1582 
     -0.3      1582 
     -0.2      1609 
     -0.2      1582 
     -0.0      1609 
     -0.2      1609 
     -0.0      1582 
     -0.4      1609 
     -0.0      1582 
     -0.0      1609 
     -0.2      1609 
     -0.0      1609 
     -0.3      1609 
     -0.0      1609 
     -0.2      1609 
     -0.2      1609 
     -0.3      1609 
     -0.2      1609 
     -0.0      1609 
     -0.2      1609 
     -0.2      1635 
     -0.0      1635 
     -0.2      1609 
     -0.2      1635 
     -0.2      1635 
     -0.3      1635 
     -0.2      1635 
     -0.3      1635 
     -0.2      1635 
     -0.0      1635 
     -0.3      1635 
     -0.2      1635 
     -0.0      1635 
     -0.2      1635 
     -0.0      1635 
     -0.0      1635 
     -0.3      1662 
     -0.3      1635 
     -0.2      1662 
     -0.2      1662 
     -0.0      1662 
     -0.2      1635 
     -0.2      1662 
     -0.2      1662 
     -0.2      1635 
     -0.2      1662 
     -0.0      1662 
     -0.0      1662 
     -0.3      1662 
     -0.2      1662 
     -0.3      1662 
     -0.3      1662 
     -0.0      1662 
     -0.0      1662 
     -0.3      1662 
     -0.0      1689 
     -0.2      1662 
     -0.2      1662 
     -0.3      1662 
     -0.0      1689 
     -0.2      1689 
     -0.2      1689 
     -0.3      1689 
     -0.0      1662 
     -0.0      1689 
      0.1      1689 
     -0.2      1689 
     -0.3      1716 
     -0.0      1689 
     -0.2      1716 
     -0.3      1689 
     -0.0      1716 
     -0.2      1689 
     -0.0      1716 
     -0.3      1689 
     -0.2      1716 
     -0.0      1716 
     -0.3      1689 
     -0.2      1716 
     -0.0      1716 
     -0.2      1716 
     -0.0      1716 
     -0.3      1716 
     -0.3      1716 
     -0.2      1716 
     -0.2      1716 
     -0.3      1716 
     -0.0      1716 
     -0.0      1716 
     -0.3      1716 
     -0.2      1716 
     -0.0      1716 
     -0.3      1716 
     -0.0      1716 
     -0.0      1716 
     -0.3      1716 
     -0.0      1742 
     -0.3      1742 
     -0.2      1742 
     -0.0      1742 
     -0.2      1742 
     -0.3      1742 
     -0.2      1742 
     -0.0      1742 
     -0.2      1769 
     -0.2      1742 
     -0.0      1742 
     -0.3      1769 
     -0.0      1742 
     -0.2      1742 
     -0.3      1742 
     -0.0      1742 
     -0.3      1742 
     -0.2      1769 
     -0.0      1769 
     -0.0      1769 
     -0.3      1769 
     -0.2      1742 
     -0.2      1742 
     -0.3      1769 
     -0.2      1769 
     -0.0      1769 
     -0.0      1769 
     -0.3      1769 
     -0.2      1769 
     -0.3      1769 
     -0.3      1769 
     -0.3      1769 
     -0.2      1769 
     -0.2      1769 
     -0.0      1769 
     -0.2      1769 
     -0.0      1769 
     -0.0      1769 
     -0.3      1796 
     -0.2      1796 
     -0.0      1769 
     -0.2      1796 
     -0.2      1796 
     -0.3      1796 
     -0.2      1796 
      0.1      1796 
     -0.0      1796 
     -0.2      1796 
     -0.0      1796 
     -0.2      1796 
     -0.2      1796 
     -0.2      1796 
     -0.0      1823 
     -0.2      1823 
     -0.0      1796 
     -0.0      1796 
     -0.0      1796 
     -0.2      1796 
      0.1      1823 
     -0.2      1823 
      0.1      1823 
     -0.2      1823 
     -0.3      1823 
     -0.0      1823 
      0.1      1796 
     -0.2      1796 
     -0.2      1796 
     -0.0      1823 
     -0.2      1823 
     -0.2      1850 
     -0.0      1823 
     -0.0      1823 
     -0.3      1823 
     -0.2      1796 
     -0.2      1823 
     -0.2      1823 
      0.1      1823 
     -0.0      1823 
     -0.3      1850 
     -0.0      1823 
     -0.0      1850 
     -0.3      1850 
     -0.0      1823 
      0.1      1850 
     -0.2      1850 
     -0.0      1850 
     -0.2      1850 
      0.1      1850 
     -0.3      1850 
     -0.0      1850 
     -0.3      1850 
     -0.3      1850 
     -0.3      1877 
     -0.3      1850 
     -0.3      1850 
     -0.3      1850 
     -0.3      1877 
     -0.4      1850 
     -0.2      1877 
     -0.0      1850 
     -0.3      1877 
     -0.0      1877 
     -0.0      1877 
     -0.2      1877 
      0.1      1850 
     -0.0      1877 
      0.1      1877 
     -0.0      1877 
      0.1      1877 
      0.2      1877 
     -0.2      1877 
     -0.0      1877 
      0.1      1877 
     -0.2      1877 
     -0.2      1877 
     -0.3      1877 
     -0.6      1877 
     -0.2      1877 
     -0.4      1904 
     -0.4      1904 
     -0.2      1904 
     -0.2      1877 
     -0.2      1904 
     -0.0      1904 
     -0.0      1904 
     -0.0      1877 
     -0.2      1904 
     -0.2      1904 
      0.1      1904 
     -0.2      1904 
     -0.3      1877 
      0.1      1904 
     -0.2      1904 
     -0.0      1904 
     -0.0      1904 
     -0.2      1904 
     -0.3      1904 
      0.1      1904 
     -0.2      1931 
     -0.2      1931 
      0.1      1904 
     -0.0      1904 
     -0.2      1931 
     -0.0      1904 
     -0.3      1931 
     -0.3      1931 
      0.1      1931 
     -0.2      1904 
     -0.0      1931 
     -0.2      1931 
     -0.0      1931 
     -0.0      1931 
     -0.2      1931 
     -0.3      1931 
     -0.0      1931 
     -0.0      1931 
     -0.2      1931 
     -0.2      1931 
     -0.2      1958 
     -0.2      1931 
     -0.0      1931 
     -0.2      1958 
     -0.2      1958 
      0.1      1958 
     -0.0      1931 
     -0.0      1931 
     -0.3      1958 
     -0.2      1958 
     -0.2      1958 
     -0.0      1958 
     -0.6      1958 
     -0.2      1958 
     -0.3      1958 
     -0.3      1958 
     -0.4      1958 
     -0.4      1985 
     -0.2      1958 
     -0.4      1958 
     -0.3      1985 
     -0.3      1958 
     -0.0      1958 
      0.2      1958 
      0.1      1958 
     -0.0      1985 
     -0.0      1985 
      0.2      1958 
     -0.0      1958 
      0.1      1958 
      0.1      1985 
      0.1      1985 
     -0.0      1985 
     -0.0      1958 
      0.1      1985 
     -0.0      1985 
     -0.0      1985 
     -0.3      1958 
     -0.3      1985 
     -0.2      1985 
     -0.2      2012 
     -0.4      1985 
     -0.6      1985 
     -0.3      1985 
     -0.3      1985 
     -0.0      1985 
     -0.2      1985 
     -0.0      1985 
     -0.2      1985 
     -0.0      2012 
      0.1      1985 
     -0.2      1985 
     -0.3      2012 
     -0.0      1985 
     -0.2      2012 
     -0.2      2012 
     -0.0      2012 
     -0.0      2012 
     -0.2      2012 
     -0.2      2012 
     -0.0      2012 
     -0.2      2012 
     -0.0      2012 
      0.1      2012 
     -0.0      2012 
     -0.2      2012 
     -0.3      2012 
     -0.2      2012 
     -0.0      2012 
     -0.2      2012 
     -0.0      2039 
     -0.2      2039 
     -0.2      2039 
     -0.0      2012 
     -0.2      2039 
      0.1      2039 
     -0.2      2012 
     -0.0      2039 
     -0.0      2039 
     -0.2      2039 
     -0.0      2039 
     -0.2      2039 
     -0.0      2066 
      0.1      2039 
     -0.3      2039 
     -0.0      2039 
     -0.0      2039 
     -0.0      2039 
     -0.0      2039 
     -0.0      2039 
     -0.3      2066 
     -0.2      2066 
     -0.2      2039 
     -0.2      2039 
     -0.2      2066 
      0.1      2066 
     -0.2      2039 
      0.1      2066 
     -0.0      2066 
     -0.2      2066 
     -0.0      2066 
     -0.0      2066 
     -0.0      2066 
     -0.3      2066 
     -0.0      2066 
     -0.0      2066 
     -0.0      2093 
     -0.0      2066 
      0.1      2066 
     -0.2      2066 
      0.1      2093 
     -0.0      2093 
     -0.2      2066 
     -0.0      2066 
     -0.2      2093 
     -0.0      2066 
     -0.0      2093 
      0.1      2093 
     -0.2      2093 
     -0.0      2066 
     -0.0      2093 
     -0.2      2093 
     -0.0      2093 
     -0.0      2093 
     -0.0      2093 
     -0.0      2093 
     -0.2      2093 
     -0.0      2093 
     -0.0      2093 
     -0.3      2093 
     -0.2      2093 
      0.1      2093 
      0.1      2093 
      0.1      2120 
      0.1      2093 
     -0.2      2093 
     -0.2      2120 
      0.1      2120 
     -0.3      2093 
     -0.0      2120 
     -0.0      2120 
     -0.0      2120 
     -0.2      2093 
     -0.2      2120 
      0.1      2120 
     -0.2      2120 
     -0.0      2093 
     -0.2      2120 
     -0.0      2120 
     -0.0      2120 
     -0.0      2120 
     -0.0      2120 
     -0.0      2120 
     -0.0      2120 
     -0.3      2120 
     -0.0      2120 
     -0.0      2120 
     -0.2      2147 
     -0.0      2120 
     -0.0      2120 
     -0.2      2147 
     -0.2      2147 
      0.1      2147 
     -0.2      2147 
     -0.0      2120 
     -0.0      2147 
     -0.0      2147 
      0.1      2147 
     -0.2      2147 
     -0.2      2147 
      0.1      2120 
      0.1      2147 
     -0.2      2147 
      0.1      2147 
     -0.0      2147 
     -0.2      2147 
     -0.0      2147 
      0.1      2147 
     -0.0      2147 
     -0.2      2147 
      0.1      2147 
     -0.2      2147 
     -0.0      2174 
     -0.2      2147 
     -0.2      2147 
      0.1      2147 
      0.1      2147 
     -0.2      2147 
     -0.2      2147 
      0.1      2147 
     -0.2      2174 
     -0.2      2174 
     -0.0      2174 
     -0.2      2147 
     -0.2      2174 
     -0.0      2174 
     -0.2      2174 
     -0.0      2174 
     -0.0      2174 
     -0.2      2174 
     -0.0      2174 
     -0.0      2174 
     -0.0      2174 
     -0.2      2174 
      0.1      2174 
     -0.2      2174 
     -0.0      2174 
      0.1      2201 
     -0.0      2174 
     -0.2      2174 
     -0.0      2174 
     -0.2      2174 
      0.1      2174 
     -0.2      2201 
     -0.0      2201 
     -0.0      2201 
      0.1      2201 
     -0.0      2174 
     -0.2      2201 
      0.1      2201 
     -0.0      2201 
     -0.2      2201 
      0.1      2201 
     -0.2      2201 
     -0.0      2201 
     -0.0      2201 
     -0.2      2201 
     -0.2      2201 
     -0.0      2201 
     -0.2      2201 
     -0.0      2228 
     -0.2      2201 
     -0.0      2228 
     -0.3      2201 
     -0.0      2228 
     -0.0      2201 
     -0.2      2228 
     -0.0      2201 
     -0.2      2201 
     -0.0      2201 
     -0.2      2201 
     -0.2      2201 
      0.1      2201 
     -0.0      2228 
     -0.3      2201 
      0.3      2201 
      0.2      2228 
      0.1      2228 
     -0.0      2228 
     -0.2      2228 
      0.1      2201 
     -0.3      2228 
     -0.0      2228 
     -0.3      2228 
     -0.2      2228 
     -0.3      2228 
     -0.2      2228 
     -0.2      2228 
     -0.0      2228 
     -0.0      2228 
     -0.4      2228 
     -0.3      2228 
     -0.3      2256 
     -0.0      2256 
     -0.0      2256 
     -0.0      2228 
      0.2      2256 
      0.2      2256 
     -0.0      2228 
      0.2      2256 
      0.1      2256 
     -0.0      2228 
      0.1      2256 
     -0.0      2256 
     -0.0      2256 
      0.2      2228 
      0.1      2256 
     -0.2      2256 
     -0.0      2256 
     -0.0      2256 
     -0.4      2256 
     -0.3      2256 
     -0.0      2283 
     -0.2      2256 
     -0.4      2256 
     -0.0      2283 
     -0.0      2256 
     -0.0      2256 
     -0.2      2283 
      0.2      2256 
     -0.0      2256 
     -0.0      2256 
     -0.0      2283 
      0.1      2256 
     -0.3      2256 
     -0.0      2283 
     -0.0      2283 
     -0.2      2256 
     -0.2      2283 
     -0.2      2283 
     -0.0      2283 
     -0.0      2283 
     -0.2      2283 
     -0.0      2283 
      0.2      2283 
     -0.2      2283 
     -0.0      2283 
     -0.0      2283 
     -0.0      2283 
     -0.2      2283 
      0.1      2283 
     -0.0      2283 
     -0.2      2310 
     -0.0      2283 
     -0.2      2310 
     -0.2      2283 
      0.1      2283 
     -0.2      2283 
     -0.0      2283 
     -0.0      2283 
     -0.0      2283 
     -0.0      2310 
      0.1      2310 
      0.1      2283 
     -0.3      2310 
      0.2      2283 
      0.2      2310 
      0.1      2310 
      0.1      2310 
      0.2      2310 
     -0.2      2283 
     -0.0      2310 
     -0.3      2310 
     -0.0      2310 
     -0.3      2310 
     -0.4      2310 
     -0.2      2310 
     -0.3      2310 
      0.1      2310 
     -0.2      2310 
     -0.3      2310 
     -0.2      2310 
     -0.0      2310 
     -0.2      2310 
     -0.2      2310 
      0.2      2310 
      0.1      2310 
      0.1      2310 
      0.1      2337 
      0.1      2337 
      0.1      2310 
      0.2      2337 
      0.1      2310 
      0.1      2310 
      0.2      2310 
      0.2      2337 
     -0.0      2310 
     -0.0      2337 
     -0.2      2337 
     -0.0      2337 
     -0.2      2310 
     -0.3      2337 
     -0.2      2310 
     -0.0      2337 
     -0.2      2337 
     -0.3      2337 
      0.1      2337 
      0.1      2337 
     -0.0      2337 
     -0.3      2365 
      0.1      2337 
     -0.0      2337 
     -0.2      2337 
      0.1      2337 
     -0.2      2337 
     -0.2      2337 
      0.1      2365 
     -0.0      2337 
     -0.2      2365 
      0.1      2337 
     -0.2      2365 
      0.1      2337 
      0.2      2365 
     -0.0      2365 
     -0.2      2365 
      0.1      2365 
     -0.0      2337 
     -0.2      2365 
      0.1      2365 
     -0.2      2365 
     -0.0      2365 
     -0.0      2365 
     -0.2      2365 
     -0.0      2365 
      0.1      2365 
      0.1      2365 
     -0.0      2365 
      0.1      2365 
     -0.2      2365 
     -0.0      2392 
      0.1      2365 
     -0.0      2365 
     -0.0      2365 
     -0.2      2365 
      0.1      2365 
     -0.0      2365 
     -0.2      2392 
      0.1      2392 
     -0.0      2365 
     -0.2      2392 
      0.1      2365 
     -0.0      2365 
     -0.0      2365 
     -0.0      2365 
     -0.2      2365 
     -0.0      2392 
      0.1      2365 
     -0.2      2392 
     -0.0      2392 
     -0.0      2392 
     -0.0      2392 
     -0.0      2392 
      0.2      2392 
      0.1      2392 
     -0.0      2392 
      0.1      2419 
     -0.2      2392 
     -0.0      2419 
      0.1      2392 
     -0.0      2419 
      0.1      2392 
      0.1      2392 
      0.1      2392 
     -0.2      2419 
      0.1      2392 
      0.1      2392 
     -0.2      2419 
     -0.0      2392 
      0.1      2419 
      0.1      2392 
      0.1      2419 
     -0.2      2419 
     -0.0      2392 
      0.1      2392 
      0.1      2392 
     -0.2      2419 
      0.1      2419 
      0.1      2419 
     -0.2      2419 
     -0.0      2419 
      0.1      2419 
     -0.0      2419 
      0.1      2419 
     -0.2      2419 
     -0.0      2419 
     -0.0      2419 
     -0.0      2419 
     -0.2      2419 
     -0.0      2419 
     -0.0      2419 
     -0.0      2419 
      0.2      2419 
     -0.0      2419 
     -0.0      2419 
     -0.0      2419 
      0.1      2419 
      0.1      2419 
     -0.2      2419 
      0.2      2447 
     -0.0      2419 
      0.2      2419 
     -0.0      2419 
     -0.0      2419 
     -0.2      2419 
      0.1      2419 
     -0.0      2419 
     -0.2      2419 
     -0.2      2419 
     -0.0      2447 
     -0.2      2447 
      0.1      2447 
     -0.0      2447 
     -0.2      2447 
      0.1      2419 
     -0.0      2447 
     -0.2      2447 
      0.1      2447 
     -0.0      2447 
      0.1      2447 
      0.1      2447 
     -0.2      2447 
     -0.0      2474 
      0.1      2447 
     -0.2      2447 
     -0.0      2447 
      0.1      2447 
     -0.0      2447 
     -0.2      2447 
      0.1      2447 
      0.3      2447 
     -0.0      2447 
     -0.0      2474 
     -0.2      2447 
     -0.0      2474 
     -0.0      2474 
     -0.2      2447 
     -0.2      2474 
      0.2      2447 
     -0.0      2474 
     -0.0      2447 
      0.2      2474 
     -0.0      2474 
     -0.0      2447 
     -0.2      2474 
      0.1      2474 
     -0.2      2474 
     -0.0      2474 
      0.1      2474 
      0.1      2474 
     -0.2      2474 
      0.1      2474 
     -0.0      2474 
     -0.0      2474 
      0.1      2474 
      0.1      2474 
     -0.0      2474 
      0.1      2502 
     -0.0      2474 
      0.1      2502 
      0.2      2474 
     -0.2      2474 
     -0.0      2502 
      0.1      2474 
     -0.2      2502 
     -0.2      2474 
      0.2      2474 
     -0.0      2474 
     -0.0      2474 
     -0.0      2502 
     -0.0      2474 
      0.1      2502 
      0.1      2502 
      0.1      2502 
      0.1      2502 
      0.2      2502 
      0.1      2502 
     -0.0      2502 
      0.1      2502 
     -0.2      2502 
     -0.0      2502 
     -0.2      2502 
     -0.0      2502 
      0.1      2502 
     -0.0      2502 
     -0.0      2502 
      0.1      2502 
     -0.2      2502 
      0.1      2502 
      0.1      2502 
      0.1      2502 
     -0.2      2502 
      0.1      2502 
     -0.0      2502 
     -0.0      2502 
     -0.0      2502 
      0.2      2502 
      0.2      2502 
      0.1      2502 
      0.2      2502 
      0.1      2529 
     -0.0      2529 
     -0.0      2502 
      0.1      2502 
     -0.0      2529 
     -0.2      2502 
     -0.0      2502 
     -0.3      2529 
     -0.2      2529 
     -0.3      2529 
     -0.4      2502 
     -0.0      2502 
     -0.0      2502 
     -0.2      2502 
     -0.3      2529 
      0.1      2529 
     -0.0      2529 
     -0.0      2529 
     -0.0      2529 
     -0.0      2502 
      0.2      2529 
     -0.0      2529 
      0.1      2529 
      0.2      2529 
      0.3      2529 
      0.1      2529 
      0.1      2529 
      0.2      2529 
      0.2      2529 
      0.1      2529 
     -0.2      2529 
      0.1      2529 
     -0.0      2529 
     -0.2      2529 
     -0.3      2529 
     -0.3      2529 
     -0.0      2529 
      0.1      2529 
      0.2      2556 
     -0.0      2556 
     -0.2      2529 
      0.1      2529 
      0.1      2529 
     -0.0      2556 
      0.1      2556 
      0.1      2556 
     -0.2      2529 
      0.2      2529 
     -0.2      2529 
      0.1      2529 
      0.1      2584 
     -0.0      2529 
     -0.0      2529 
      0.2      2529 
     -0.0      2556 
      0.1      2556 
     -0.0      2556 
     -0.2      2529 
     -0.0      2529 
      0.1      2529 
     -0.0      2556 
      0.1      2556 
      0.1      2556 
     -0.0      2529 
      0.1      2556 
      0.1      2556 
     -0.0      2556 
      0.2      2556 
      0.1      2556 
     -0.0      2556 
     -0.0      2556 
     -0.0      2584 
     -0.0      2556 
     -0.2      2584 
      0.2      2584 
     -0.0      2556 
      0.2      2556 
      0.2      2556 
      0.2      2556 
      0.1      2556 
     -0.0      2556 
      0.1      2584 
      0.1      2556 
      0.2      2584 
     -0.0      2556 
     -0.0      2556 
      0.1      2556 
     -0.2      2584 
     -0.2      2556 
     -0.3      2556 
     -0.2      2556 
     -0.0      2584 
     -0.0      2584 
     -0.2      2584 
     -0.2      2584 
      0.1      2584 
      0.1      2584 
     -0.0      2584 
     -0.0      2556 
      0.1      2584 
      0.1      2584 
      0.2      2584 
      0.1      2584 
      0.3      2584 
      0.2      2584 
      0.1      2584 
      0.2      2584 
      0.2      2584 
     -0.0      2584 
     -0.0      2584 
      0.2      2611 
     -0.0      2584 
     -0.2      2584 
     -0.2      2584 
     -0.2      2584 
     -0.0      2611 
     -0.2      2584 
     -0.0      2584 
      0.1      2584 
     -0.0      2611 
     -0.0      2584 
      0.1      2584 
     -0.0      2584 
     -0.2      2611 
      0.2      2584 
     -0.0      2611 
      0.2      2611 
     -0.0      2611 
     -0.0      2584 
     -0.0      2611 
      0.1      2611 
     -0.0      2611 
      0.1      2611 
      0.1      2611 
     -0.0      2584 
     -0.0      2611 
     -0.0      2611 
      0.2      2584 
      0.1      2611 
      0.1      2611 
     -0.0      2611 
     -0.0      2611 
      0.2      2611 
     -0.0      2611 
     -0.0      2611 
      0.1      2611 
     -0.0      2611 
     -0.0      2611 
     -0.0      2611 
      0.2      2611 
     -0.0      2611 
     -0.0      2611 
      0.1      2611 
     -0.0      2611 
     -0.0      2611 
      0.2      2611 
     -0.0      2611 
      0.1      2611 
      0.1      2611 
     -0.2      2611 
     -0.0      2639 
      0.2      2639 
     -0.0      2611 
      0.1      2611 
      0.2      2611 
     -0.0      2639 
      0.2      2639 
      0.2      2639 
     -0.0      2639 
      0.1      2611 
     -0.2      2639 
     -0.0      2639 
      0.1      2639 
      0.1      2639 
      0.1      2639 
     -0.2      2611 
     -0.0      2639 
     -0.2      2639 
      0.2      2611 
      0.1      2611 
     -0.2      2639 
      0.1      2639 
      0.1      2639 
     -0.0      2639 
      0.1      2639 
     -0.0      2639 
      0.1      2639 
     -0.0      2611 
      0.2      2639 
     -0.0      2639 
     -0.2      2639 
      0.1      2639 
     -0.0      2639 
     -0.0      2639 
      0.1      2639 
      0.1      2639 
      0.2      2639 
      0.1      2639 
      0.1      2639 
      0.1      2639 
     -0.0      2639 
      0.2      2639 
     -0.2      2639 
      0.1      2639 
     -0.0      2639 
      0.2      2639 
     -0.0      2639 
     -0.0      2639 
      0.1      2666 
      0.2      2666 
     -0.0      2639 
     -0.0      2639 
      0.1      2639 
     -0.0      2666 
     -0.0      2639 
      0.1      2639 
      0.1      2639 
     -0.0      2639 
      0.1      2666 
     -0.0      2666 
     -0.0      2666 
      0.1      2666 
     -0.2      2639 
     -0.0      2666 
      0.2      2666 
     -0.0      2639 
      0.2      2666 
     -0.0      2666 
     -0.0      2666 
     -0.2      2666 
      0.2      2666 
      0.1      2666 
     -0.0      2666 
      0.2      2666 
     -0.0      2666 
     -0.0      2666 
      0.1      2666 
     -0.0      2666 
     -0.0      2666 
      0.1      2639 
      0.1      2666 
     -0.0      2666 
      0.2      2666 
      0.1      2666 
     -0.0      2666 
      0.1      2666 
     -0.0      2666 
     -0.2      2666 
     -0.0      2666 
     -0.0      2694 
     -0.0      2666 
      0.1      2694 
     -0.0      2666 
     -0.0      2666 
      0.2      2694 
      0.1      2666 
     -0.2      2666 
      0.1      2694 
     -0.0      2694 
      0.1      2666 
      0.2      2666 
     -0.2      2694 
     -0.0      2666 
     -0.0      2666 
     -0.0      2694 
      0.1      2666 
     -0.0      2666 
      0.1      2694 
      0.1      2666 
     -0.2      2694 
     -0.0      2666 
      0.1      2694 
      0.1      2666 
      0.1      2694 
     -0.0      2694 
      0.2      2666 
      0.1      2694 
     -0.0      2666 
     -0.0      2694 
     -0.0      2694 
      0.1      2694 
     -0.0      2694 
     -0.0      2694 
     -0.2      2694 
     -0.2      2694 
      0.1      2694 
      0.1      2694 
     -0.2      2694 
      0.1      2694 
      0.1      2666 
     -0.0      2694 
      0.2      2694 
      0.1      2694 
     -0.0      2694 
      0.1      2694 
     -0.0      2694 
     -0.2      2694 
      0.1      2694 
     -0.0      2722 
     -0.0      2694 
      0.1      2722 
     -0.0      2694 
      0.2      2694 
     -0.0      2694 
      0.1      2694 
     -0.2      2722 
      0.2      2694 
     -0.0      2694 
     -0.0      2722 
     -0.0      2694 
      0.1      2694 
     -0.2      2722 
      0.2      2722 
     -0.0      2694 
      0.1      2722 
      0.1      2694 
      0.2      2694 
      0.2      2722 
      0.2      2694 
      0.3      2722 
      0.5      2722 
      0.2      2694 
      0.1      2694 
      0.2      2694 
      0.2      2694 
     -0.0      2694 
     -0.0      2722 
     -0.2      2722 
     -0.0      2722 
     -0.4      2722 
     -0.3      2722 
     -0.0      2722 
     -0.2      2722 
      0.1      2722 
     -0.3      2722 
      0.1      2722 
     -0.2      2722 
     -0.2      2749 
     -0.0      2694 
      0.1      2722 
      0.3      2722 
      0.1      2722 
      0.1      2722 
      0.3      2694 
      0.2      2722 
      0.1      2722 
      0.2      2722 
      0.1      2694 
      0.2      2722 
      0.1      2722 
      0.2      2722 
      0.2      2722 
      0.1      2722 
     -0.0      2722 
     -0.3      2722 
     -0.2      2722 
      0.2      2722 
      0.1      2722 
     -0.0      2749 
      0.1      2722 
      0.1      2722 
     -0.0      2722 
      0.1      2722 
     -0.0      2722 
     -0.0      2749 
      0.1      2722 
     -0.0      2722 
     -0.2      2749 
      0.1      2722 
     -0.0      2749 
      0.1      2749 
      0.2      2749 
      0.1      2749 
     -0.0      2722 
      0.2      2722 
     -0.0      2749 
     -0.0      2749 
      0.1      2749 
     -0.2      2749 
     -0.0      2722 
      0.2      2749 
     -0.0      2749 
      0.1      2722 
     -0.2      2722 
      0.1      2749 
     -0.0      2722 
     -0.0      2749 
     -0.0      2749 
      0.2      2749 
     -0.2      2749 
      0.1      2749 
     -0.0      2749 
     -0.0      2749 
     -0.0      2749 
      0.1      2749 
     -0.0      2749 
      0.2      2749 
      0.2      2749 
      0.3      2722 
      0.1      2749 
      0.2      2749 
      0.3      2749 
      0.2      2749 
      0.2      2749 
     -0.0      2749 
     -0.0      2749 
     -0.0      2749 
      0.1      2749 
     -0.0      2749 
     -0.2      2749 
     -0.2      2749 
     -0.0      2749 
     -0.0      2749 
     -0.3      2749 
     -0.0      2749 
     -0.0      2749 
     -0.0      2749 
     -0.2      2749 
     -0.0      2749 
      0.2      2749 
      0.2      2749 
      0.1      2749 
      0.3      2749 
      0.2      2749 
      0.2      2749 
      0.2      2749 
      0.3      2749 
      0.2      2749 
      0.2      2749 
      0.1      2749 
      0.1      2749 
      0.2      2749 
      0.2      2777 
     -0.0      2749 
      0.1      2777 
     -0.2      2777 
     -0.2      2749 
      0.2      2777 
      0.1      2749 
      0.1      2749 
      0.1      2749 
      0.1      2777 
      0.1      2749 
     -0.2      2749 
      0.2      2749 
      0.1      2749 
      0.1      2777 
      0.2      2749 
      0.1      2777 
     -0.0      2777 
      0.1      2749 
     -0.0      2749 
      0.1      2749 
      0.2      2777 
     -0.0      2777 
      0.2      2749 
      0.2      2777 
     -0.0      2777 
      0.1      2749 
      0.2      2749 
     -0.2      2777 
     -0.0      2777 
     -0.0      2749 
     -0.2      2777 
      0.2      2777 
      0.1      2777 
     -0.0      2777 
     -0.0      2749 
     -0.0      2777 
     -0.0      2777 
      0.1      2777 
      0.2      2777 
     -0.2      2777 
      0.1      2749 
      0.1      2777 
     -0.2      2777 
      0.1      2777 
      0.1      2777 
      0.2      2777 
      0.1      2777 
     -0.2      2777 
     -0.2      2777 
      0.2      2777 
     -0.0      2749 
      0.1      2777 
      0.1      2777 
     -0.0      2777 
      0.1      2777 
      0.2      2777 
     -0.2      2777 
     -0.2      2777 
     -0.0      2777 
      0.1      2777 
      0.2      2777 
      0.2      2777 
     -0.0      2777 
      0.1      2777 
     -0.0      2777 
      0.1      2777 
      0.2      2777 
      0.1      2805 
     -0.0      2777 
      0.1      2777 
      0.1      2777 
     -0.0      2777 
      0.1      2777 
      0.2      2777 
     -0.0      2777 
     -0.0      2777 
     -0.0      2805 
     -0.0      2805 
     -0.0      2777 
      0.1      2805 
     -0.0      2805 
     -0.0      2777 
     -0.0      2777 
     -0.0      2805 
      0.1      2805 
      0.1      2777 
      0.1      2805 
      0.2      2749 
      0.1      2805 
      0.1      2777 
      0.2      2805 
      0.1      2777 
     -0.0      2805 
      0.1      2777 
      0.1      2777 
      0.1      2805 
      0.1      2805 
     -0.0      2805 
     -0.0      2805 
      0.1      2777 
     -0.2      2805 
      0.1      2805 
      0.2      2805 
      0.1      2805 
     -0.0      2777 
      0.2      2805 
      0.1      2805 
      0.2      2777 
     -0.0      2805 
     -0.0      2805 
      0.1      2805 
      0.1      2805 
      0.2      2805 
      0.1      2805 
     -0.2      2777 
     -0.2      2805 
      0.1      2805 
     -0.0      2805 
      0.1      2805 
      0.2      2805 
      0.1      2805 
     -0.0      2805 
      0.2      2805 
     -0.0      2805 
      0.1      2805 
      0.2      2805 
     -0.0      2805 
      0.1      2805 
      0.2      2805 
     -0.0      2805 
     -0.0      2832 
      0.2      2805 
     -0.0      2832 
      0.2      2805 
      0.2      2805 
     -0.2      2805 
     -0.0      2805 
     -0.0      2805 
     -0.0      2832 
      0.2      2805 
      0.2      2805 
      0.1      2805 
     -0.0      2805 
     -0.0      2805 
     -0.0      2805 
     -0.0      2805 
      0.2      2805 
     -0.0      2805 
      0.2      2832 
      0.1      2805 
     -0.0      2805 
     -0.0      2805 
      0.1      2805 
     -0.0      2805 
      0.3      2832 
      0.1      2805 
     -0.0      2805 
     -0.0      2805 
     -0.0      2805 
     -0.0      2777 
      0.2      2805 
      0.2      2805 
      0.1      2805 
     -0.0      2832 
      0.1      2832 
     -0.0      2832 
     -0.0      2805 
     -0.0      2832 
     -0.0      2832 
      0.1      2832 
      0.1      2832 
      0.1      2832 
      0.1      2832 
     -0.0      2832 
     -0.0      2832 
      0.2      2832 
      0.1      2832 
      0.2      2832 
      0.1      2805 
      0.1      2805 
      0.1      2805 
     -0.0      2805 
      0.1      2832 
      0.3      2832 
      0.2      2805 
      0.1      2805 
      0.1      2805 
      0.1      2832 
      0.1      2832 
      0.1      2832 
     -0.0      2832 
     -0.0      2832 
      0.2      2805 
      0.1      2832 
      0.1      2832 
      0.2      2832 
     -0.0      2832 
      0.1      2832 
      0.1      2832 
     -0.0      2832 
     -0.0      2832 
     -0.0      2805 
      0.1      2832 
      0.1      2805 
      0.2      2832 
      0.2      2832 
      0.2      2832 
      0.1      2832 
      0.3      2832 
      0.3      2832 
      0.1      2805 
      0.1      2832 
      0.2      2832 
      0.2      2832 
      0.1      2832 
     -0.2      2832 
     -0.0      2832 
     -0.0      2832 
     -0.2      2832 
     -0.3      2832 
     -0.0      2832 
     -0.2      2832 
     -0.2      2832 
     -0.2      2832 
     -0.0      2832 
     -0.0      2832 
     -0.0      2832 
     -0.0      2832 
     -0.0      2860 
      0.2      2860 
      0.1      2832 
      0.1      2832 
      0.3      2832 
      0.2      2832 
      0.3      2832 
      0.2      2832 
      0.3      2832 
      0.2      2832 
     -0.0      2832 
      0.1      2832 
      0.1      2832 
      0.2      2832 
     -0.2      2832 
     -0.0      2832 
      0.3      2832 
     -0.0      2860 
      0.2      2832 
      0.1      2832 
     -0.0      2832 
      0.1      2832 
     -0.0      2832 
     -0.0      2832 
      0.1      2860 
      0.1      2860 
      0.1      2832 
      0.1      2832 
     -0.2      2832 
     -0.0      2832 
      0.1      2860 
      0.1      2832 
      0.1      2832 
      0.1      2805 
     -0.2      2832 
     -0.0      2832 
     -0.0      2832 
     -0.0      2832 
      0.1      2832 
     -0.0      2832 
      0.1      2832 
      0.2      2832 
      0.1      2832 
     -0.0      2832 
     -0.0      2832 
      0.1      2832 
      0.1      2832 
     -0.0      2832 
      0.1      2832 
      0.1      2832 
      0.1      2832 
      0.1      2832 
      0.1      2832 
      0.2      2832 
      0.1      2832 
     -0.0      2832 
      0.1      2832 
      0.1      2832 
      0.2      2832 
      0.3      2832 
      0.3      2860 
      0.2      2832 
      0.2      2832 
      0.3      2832 
      0.2      2832 
      0.1      2832 
      0.1      2832 
      0.1      2832 
     -0.0      2832 
     -0.0      2832 
     -0.2      2860 
     -0.2      2832 
     -0.0      2832 
     -0.0      2860 
     -0.3      2860 
     -0.3      2832 
      0.1      2832 
     -0.2      2860 
      0.1      2832 
     -0.0      2832 
      0.1      2860 
      0.1      2832 
      0.1      2860 
      0.2      2832 
      0.2      2832 
      0.2      2832 
      0.2      2860 
      0.3      2832 
      0.2      2832 
      0.1      2832 
      0.1      2832 
      0.3      2860 
      0.2      2832 
     -0.2      2832 
     -0.0      2832 
     -0.0      2860 
      0.1      2832 
     -0.0      2860 
     -0.0      2860 
     -0.0      2832 
      0.1      2832 
      0.2      2832 
      0.2      2832 
      0.1      2832 
     -0.0      2860 
      0.2      2832 
     -0.0      2860 
     -0.0      2860 
     -0.0      2860 
     -0.0      2832 
      0.1      2860 
     -0.0      2860 
      0.2      2860 
     -0.0      2860 
      0.1      2860 
      0.1      2832 
     -0.0      2860 
      0.1      2832 
      0.1      2860 
     -0.0      2832 
      0.2      2860 
      0.1      2832 
      0.1      2860 
      0.1      2860 
     -0.0      2860 
      0.1      2860 
      0.1      2832 
      0.1      2860 
      0.2      2832 
      0.2      2832 
     -0.0      2860 
     -0.0      2832 
      0.1      2860 
      0.1      2860 
      0.2      2832 
      0.1      2832 
     -0.0      2832 
      0.2      2860 
      0.2      2860 
     -0.0      2832 
      0.1      2860 
      0.1      2832 
     -0.0      2832 
      0.1      2860 
      0.2      2860 
      0.1      2860 
      0.1      2832 
      0.2      2860 
     -0.0      2860 
      0.1      2860 
      0.2      2860 
     -0.0      2860 
     -0.0      2860 
     -0.0      2860 
      0.1      2832 
     -0.0      2860 
      0.1      2860 
      0.1      2832 
      0.1      2860 
      0.1      2860 
     -0.0      2860 
     -0.0      2860 
      0.2      2832 
      0.2      2860 
      0.1      2860 
      0.1      2860 
      0.2      2860 
      0.1      2860 
      0.2      2832 
     -0.2      2860 
      0.1      2860 
      0.1      2860 
      0.1      2860 
      0.2      2860 
     -0.0      2860 
     -0.0      2860 
      0.2      2860 
      0.1      2860 
      0.1      2860 
     -0.0      2860 
      0.1      2860 
     -0.6      2860 
      5.4      2832 
     -9.3      2749 
     12.5      2694 
     13.4      2611 
     10.4      2584 
      5.5      2639 
     -2.5      2694 
      0.6      2777 
     -1.5      2860 
     -1.3      2860 
     -0.6      2860 
     -0.2      2860 
     -0.2      2860 
     -0.2      2860 
     -0.0      2860 
     -0.3      2860 
     -0.3      2860 
     -0.0      2860 
     -0.0      2860 
      0.1      2860 
     -0.0      2860 
     -0.0      2860 
      0.3      2860 
      0.2      2860 
     -0.0      2860 
     -0.2      2860 
      0.1      2860 
     -0.2      2860 
     -0.2      2860 
     -0.2      2860 
     -0.3      2860 
     -0.2      2832 
     -0.0      2860 
     -0.3      2860 
     -0.0      2860 
      0.1      2860 
     -0.0      2860 
     -0.0      2860 
     -0.0      2860 
     -0.0      2860 
      0.1      2860 
      0.1      2860 
      0.1      2860 
     -0.0      2860 
     -0.0      2860 
     -0.0      2860 
      0.2      2860 
     -0.0      2860 
     -0.0      2860 
     -0.0      2860 
     -0.2      2860 
     -0.0      2860 
     -0.0      2860 
     -0.0      2860 
     -0.2      2860 
      0.2      2888 
     -0.2      2832 
     -0.0      2860 
      0.1      2860 
     -0.0      2860 
      0.1      2860 
      0.1      2860 
     -0.0      2860 
     -0.0      2860 
     -0.0      2860 
     -0.2      2860 
      0.1      2860 
     -0.0      2860 
     -0.0      2860 
     -0.0      2860 
     -0.2      2860 
     -0.0      2860 
      0.1      2860 
     -0.0      2860 
     -0.2      2860 
      0.2      2860 
     -0.0      2860 
      0.1      2860 
      0.2      2860 
     -0.0      2860 
     -0.2      2860 
      0.2      2860 
     -0.0      2860 
      0.1      2860 
      0.2      2860 
     -0.0      2860 
     -0.0      2860 
     -0.0      2860 
     -0.0      2860 
      0.1      2832 
      0.1      2860 
     -0.0      2860 
      0.1      2860 
      0.2      2860 
     -0.0      2888 
      0.1      2860 
     -0.0      2860 
     -0.2      2860 
      0.2      2860 
      0.1      2860 
      0.1      2860 
     -0.0      2860 
     -0.0      2860 
     -0.0      2860 
     -0.0      2860 
      0.1      2860 
     -0.0      2860 
     -0.0      2860 
     -0.0      2860 
     -0.2      2860 
      0.2      2860 
      0.1      2860 
     -0.2      2860 
     -0.0      2860 
      0.2      2860 
     -0.0      2888 
      0.1      2860 
      0.3      2860 
      0.3      2860 
     -0.0      2860 
      0.2      2860 
      0.2      2860 
      0.2      2860 
      0.1      2860 
      0.2      2860 
      0.1      2860 
      0.1      2860 
     -0.0      2860 
     -0.0      2860 
     -0.2      2888 
     -0.2      2860 
     -0.4      2860 
     -0.2      2860 
     -0.3      2860 
     -0.0      2860 
     -0.3      2860 
     -0.2      2860 
      0.1      2860 
     -0.0      2860 
      0.1      2860 
     -0.0      2860 
      0.1      2860 
      0.1      2860 
      0.2      2860 
      0.2      2860 
      0.3      2888 
      0.1      2888 
      0.3      2860 
      0.1      2860 
      0.2      2860 
      0.2      2860 
     -0.0      2860 
      0.1      2860 
     -0.2      2888 
     -0.0      2860 
      0.1      2860 
      0.2      2860 
      0.1      2860 
      0.1      2860 
     -0.4      2888 
     -1.1      2888 
     -2.5      2860 
     -4.2      2860 
     -3.1      2860 
     -4.2      2860 
     -4.8      2860 
     -5.7      2860 
     -5.7      2860 
     -5.8      2860 
     -6.2      2888 
     -7.1      2860 
     -6.3      2860 
     -5.7      2860 
     -4.5      2888 
     -4.5      2860 
     -2.5      2888 
     -1.3      2860 
     -0.6      2860 
     -0.0      2860 
      0.3      2860 
      0.6      2860 
      0.6      2860 
      0.3      2860 
      0.3      2860 
      0.5      2860 
      0.3      2860 
      0.3      2860 
      0.5      2860 
      0.5      2860 
      0.3      2860 
      0.5      2860 
      0.5      2888 
      0.3      2860 
      0.3      2860 
      0.2      2860 
      0.3      2860 
      0.6      2860 
      0.7      2860 
      0.5      2860 
      0.3      2860 
      0.6      2860 
      0.7      2888 
      0.5      2860 
      0.5      2860 
      0.6      2860 
      0.6      2860 
      0.5      2860 
      0.2      2860 
      0.5      2860 
      0.2      2860 
      0.2      2860 
     -0.0      2860 
      0.1      2860 
      0.1      2860 
      0.1      2860 
      0.2      2860 
     -0.0      2860 
      0.2      2860 
      0.2      2860 
      0.3      2888 
      0.2      2860 
      0.3      2860 
      0.5      2860 
      0.3      2832 
      0.3      2860 
      0.7      2860 
      0.5      2860 
      0.6      2860 
      0.5      2860 
      0.5      2860 
      0.3      2860 
      0.2      2860 
      0.5      2860 
      0.3      2860 
      0.2      2860 
      0.3      2860 
      0.1      2860 
      0.2      2860 
      0.2      2860 
      0.2      2860 
      0.3      2860 
      0.3      2860 
      0.1      2860 
      0.3      2860 
      0.3      2860 
      0.1      2860 
      0.2      2860 
      0.3      2860 
      0.2      2860 
      0.3      2860 
      0.3      2832 
      0.3      2860 
      0.3      2832 
      0.1      2832 
      0.2      2832 
      0.2      2832 
      0.2      2860 
      0.2      2860 
      0.3      2860 
      0.5      2832 
      0.3      2832 
      0.1      2832 
      0.2      2860 
      0.3      2860 
      0.1      2860 
      0.2      2832 
      0.3      2860 
      0.2      2860 
      0.2      2832 
      0.3      2832 
      0.2      2860 
      0.3      2860 
      0.2      2860 
      0.1      2860 
      0.3      2860 
      0.2      2832 
      0.3      2832 
      0.3      2832 
      0.2      2832 
      0.1      2860 
      0.1      2860 
      0.1      2860 
      0.3      2860 
      0.3      2832 
      0.3      2860 
      0.2      2860 
      0.1      2832 
      0.2      2832 
      0.2      2860 
      0.2      2832 
      0.1      2832 
      0.2      2860 
      0.2      2860 
      0.2      2860 
      0.3      2860 
     -0.0      2860 
      0.2      2832 
      0.3      2860 
     -0.0      2860 
      0.1      2832 
      0.2      2832 
     -0.0      2832 
     -0.0      2860 
      0.3      2832 
      0.2      2832 
      0.3      2860 
      0.3      2860 
      0.2      2860 
      0.2      2832 
      0.3      2832 
      0.2      2860 
      0.3      2860 
      0.1      2832 
      0.2      2860 
      0.3      2832 
      0.5      2860 
      0.5      2832 
      0.5      2860 
      0.2      2860 
      0.2      2832 
      0.3      2832 
      0.2      2860 
      0.1      2832 
      0.2      2860 
      0.2      2832 
      0.3      2860 
      0.3      2860 
      0.2      2860 
      0.3      2860 
      0.1      2860 
      0.1      2860 
      0.2      2860 
      0.3      2832 
      0.2      2860 
      0.3      2860 
      0.3      2832 
      0.2      2832 
      0.2      2832 
      0.2      2860 
      0.2      2860 
      0.5      2860 
      0.5      2860 
      0.3      2860 
      0.3      2860 
      0.1      2860 
      0.2      2860 
      0.5      2860 
      0.3      2860 
      0.2      2860 
      0.2      2860 
      0.2      2860 
      0.5      2860 
      0.5      2860 
      0.2      2860 
      0.3      2860 
      0.2      2860 
      0.2      2860 
      0.3      2860 
      0.3      2860 
      0.3      2860 
      0.3      2888 
      0.1      2888 
      0.2      2860 
      0.2      2860 
      0.3      2888 
      0.5      2888 
      0.3      2860 
      0.3      2888 
      0.5      2860 
      0.5      2888 
      0.2      2888 
      0.3      2888 
      0.2      2888 
      0.2      2888 
      0.5      2860 
      0.3      2888 
      0.2      2860 
      0.3      2888 
      0.5      2888 
      0.3      2888 
      0.5      2860 
      0.5      2888 
      0.3      2860 
      0.3      2888 
      0.3      2860 
      0.3      2860 
      0.3      2860 
      0.3      2888 
      0.3      2860 
      0.3      2860 
      0.5      2860 
      0.2      2860 
      0.5      2860 
      0.5      2860 
      0.3      2860 
      0.6      2832 
      0.3      2860 
      0.3      2832 
      0.5      2860 
      0.5      2860 
      0.5      2860 
      0.3      2832 
      0.5      2832 
      0.3      2832 
      0.6      2832 
      0.5      2832 
      0.3      2832 
      0.5      2832 
      0.5      2832 
      0.2      2860 
      0.6      2832 
      0.5      2860 
      0.3      2832 
      0.6      2832 
      0.3      2832 
      0.5      2832 
      0.6      2832 
      0.3      2832 
      0.3      2832 
      0.2      2832 
      0.3      2832 
      0.6      2860 
      0.5      2832 
      0.3      2832 
      0.5      2805 
      0.2      2832 
      0.2      2832 
      0.5      2805 
      0.2      2832 
      0.1      2832 
      0.3      2832 
      0.3      2805 
      0.1      2805 
      0.2      2832 
      0.1      2832 
      0.2      2805 
      0.3      2805 
      0.3      2832 
      0.3      2805 
      0.3      2832 
      0.6      2832 
      0.6      2805 
      0.3      2832 
      0.5      2832 
      0.7      2832 
      0.6      2805 
      0.5      2805 
      0.3      2832 
      0.3      2832 
      0.5      2805 
      0.2      2805 
      0.3      2805 
      0.2      2832 
      0.2      2832 
      0.1      2805 
      0.2      2832 
      0.2      2805 
     -0.0      2805 
     -0.2      2805 
     -1.2      2805 
     -0.2      2805 
     -0.4      2805 
     -0.0      2805 
      0.3      2832 
      0.5      2805 
      0.1      2832 
     -0.0      2832 
     -0.0      2805 
      0.3      2805 
      0.3      2832 
      0.1      2805 
     -0.0      2805 
     -0.3      2805 
     -0.9      2805 
     -1.2      2805 
     -1.7      2805 
     -2.0      2805 
     -1.2      2805 
     -0.4      2805 
     -0.0      2805 
     -0.0      2832 
     -0.2      2805 
     -0.4      2805 
     -0.7      2805 
     -1.1      2805 
     -0.8      2805 
     -0.8      2805 
     -0.8      2805 
    -28.6      2805 
    -63.5      2860 
    -48.9      2777 
    -12.5      2777 
      2.8      2832 
      4.6      2805 
      3.2      2805 
      3.9      2777 
      1.1      2777 
      0.5      2805 
      1.4      2805 
      1.1      2777 
      2.7      2805 
      1.2      2805 
      2.0      2805 
      0.6      2805 
      1.1      2777 
      4.8      2805 
      8.9      2805 
      7.0      2805 
      2.0      2805 
      2.1      2805 
      4.7      2805 
      1.6      2805 
      1.5      2805 
      1.0      2805 
      3.0      2805 
      3.9      2805 
      2.0      2805 
      1.4      2805 
      1.9      2805 
      2.7      2832 
      1.6      2805 
      2.0      2805 
      1.5      2805 
      1.1      2805 
      2.4      2832 
      1.8      2805 
      1.2      2805 
      1.6      2805 
      4.3      2805 
      5.9      2805 
      2.8      2805 
      2.1      2805 
      1.2      2777 
      2.9      2805 
      2.4      2805 
      2.8      2805 
      5.0      2805 
      6.1      2805 
      7.8      2832 
      8.7      2805 
      5.9      2805 
      3.2      2832 
      6.1      2805 
      6.1      2832 
      5.5      2832 
      5.1      2805 
      2.8      2805 
      0.5      2805 
     -0.6      2805 
     -0.8      2777 
     -1.5      2777 
     -0.0      2805 
     -1.3      2805 
     -3.3      2805 
     -5.3      2805 
     -5.7      2805 
     -1.6      2777 
     -0.8      2805 
     -1.7      2805 
     -1.2      2777 
     -1.2      2777 
     -1.7      2777 
     -1.7      2805 
     -0.8      2777 
      0.3      2805 
      1.0      2805 
      0.6      2777 
      0.6      2805 
      0.3      2805 
      0.2      2777 
      0.1      2777 
      0.3      2777 
      0.2      2805 
     -0.0      2777 
     -0.2      2777 
     -0.8      2777 
     -0.8      2777 
     -0.8      2777 
     -1.5      2777 
     -2.1      2777 
     -1.7      2777 
     -1.3      2805 
     -1.1      2777 
     -0.8      2777 
     -0.8      2777 
     -1.8      2777 
     -2.1      2777 
     -1.7      2777 
     -0.6      2777 
     -0.7      2777 
     -1.3      2805 
     -1.1      2777 
     -1.3      2777 
     -1.6      2805 
     -0.7      2777 
     -0.6      2777 
     -1.2      2777 
     -0.8      2777 
     -0.6      2777 
     -0.3      2777 
     -0.3      2777 
     -0.6      2777 
     -0.4      2777 
     -0.0      2777 
     -0.4      2805 
     -0.4      2805 
     -0.0      2777 
     -0.3      2777 
     -0.2      2777 
     -0.3      2805 
     -0.8      2777 
     -1.1      2777 
     -1.1      2777 
     -0.9      2777 
     -0.8      2777 
     -1.1      2777 
     -1.8      2777 
     -2.0      2777 
     -2.0      2777 
     -2.0      2777 
     -1.5      2777 
     -1.1      2777 
     -1.1      2777 
     -1.1      2777 
     -1.1      2777 
     -1.2      2777 
     -0.9      2777 
     -0.9      2777 
     -1.2      2777 
     -1.2      2777 
     -1.2      2777 
     -1.2      2777 
     -1.1      2777 
     -1.2      2749 
     -1.3      2777 
     -1.3      2777 
     -1.5      2749 
     -1.7      2777 
     -2.1      2777 
     -2.1      2749 
     -1.5      2749 
     -0.8      2749 
     -0.7      2777 
     -0.6      2777 
     -0.7      2805 
     -1.3      2777 
     -1.5      2777 
     -1.5      2777 
     -1.6      2777 
     -1.6      2777 
     -1.3      2777 
     -1.3      2749 
     -1.1      2749 
     -1.6      2777 
     -1.6      2749 
     -1.8      2749 
     -2.2      2749 
     -2.1      2749 
     -1.8      2777 
     -1.3      2777 
     -1.3      2777 
     -1.2      2749 
     -1.5      2777 
     -1.5      2777 
     -1.3      2749 
     -1.1      2749 
     -1.3      2777 
     -1.1      2777 
     -0.8      2749 
     -1.3      2777 
     -1.5      2777 
     -1.6      2749 
     -1.6      2777 
     -1.1      2777 
     -1.2      2749 
     -1.2      2777 
     -1.5      2749 
     -1.8      2749 
     -1.8      2749 
     -1.7      2777 
     -1.6      2777 
     -1.5      2749 
     -1.1      2749 
     -1.3      2777 
     -1.2      2749 
     -1.5      2749 
     -1.7      2749 
     -1.2      2749 
     -0.9      2749 
     -1.2      2777 
     -0.8      2749 
     -0.8      2749 
     -1.1      2777 
     -1.3      2777 
     -0.9      2749 
     -0.7      2749 
      0.2      2749 
      0.7      2777 
     -0.2      2749 
     -0.6      2749 
     -0.3      2749 
     -0.0      2749 
     -0.2      2749 
     -0.4      2749 
     -0.8      2749 
     -0.8      2749 
     -0.9      2749 
     -0.8      2749 
     -0.9      2749 
     -1.3      2749 
     -1.5      2749 
     -1.6      2749 
     -1.5      2749 
     -0.9      2749 
     -0.8      2749 
     -0.9      2749 
     -0.9      2749 
     -0.9      2749 
     -1.1      2749 
     -0.7      2749 
     -0.6      2749 
     -0.7      2749 